0.000000000000000000e+00 1.414346566136107430e+00 1.414346566136107874e+00 4.650000000000000355e+00 4.650000000000000355e+00 7.115653433863891486e+00 7.115653433863891486e+00
1.000000000000000000e+00 1.414334288044798660e+00 1.414334288044798660e+00 4.649309184512024018e+00 4.649309184512024018e+00 7.114284080979249580e+00 7.114284080979249580e+00
2.000000000000000000e+00 1.414297430486775919e+00 1.414297430486776364e+00 4.647237419799580493e+00 4.647237419799580493e+00 7.110177409112383273e+00 7.110177409112383273e+00
3.000000000000000000e+00 1.414235923519577609e+00 1.414235923519578053e+00 4.643786750444311551e+00 4.643786750444311551e+00 7.103337577369045697e+00 7.103337577369045697e+00
4.000000000000000000e+00 1.414149650271266045e+00 1.414149650271266490e+00 4.638960581840269271e+00 4.638960581840269271e+00 7.093771513409272700e+00 7.093771513409272700e+00
5.000000000000000000e+00 1.414038446486716394e+00 1.414038446486716394e+00 4.632763676833192790e+00 4.632763676833192790e+00 7.081488907179669390e+00 7.081488907179669390e+00
6.000000000000000000e+00 1.413902099888481700e+00 1.413902099888482589e+00 4.625202151020164187e+00 4.625202151020164187e+00 7.066502202151845324e+00 7.066502202151845324e+00
7.000000000000000000e+00 1.413740349348232339e+00 1.413740349348232783e+00 4.616283466714246941e+00 4.616283466714246941e+00 7.048826584080257973e+00 7.048826584080257973e+00
8.000000000000000000e+00 1.413552883863607557e+00 1.413552883863607557e+00 4.606016425580083506e+00 4.606016425580083506e+00 7.028479967296560105e+00 7.028479967296560105e+00
9.000000000000000000e+00 1.413339341334043819e+00 1.413339341334043819e+00 4.594411159947719980e+00 4.594411159947719980e+00 7.005482978561397012e+00 7.005482978561397012e+00
1.000000000000000000e+01 1.413099307127892557e+00 1.413099307127893667e+00 4.581479122813215454e+00 4.581479122813215454e+00 6.979858938498534116e+00 6.979858938498535004e+00
1.100000000000000000e+01 1.412832312431731907e+00 1.412832312431731907e+00 4.567233076535915259e+00 4.567233076535915259e+00 6.951633840640099038e+00 6.951633840640099038e+00
1.200000000000000000e+01 1.412537832371365765e+00 1.412537832371365765e+00 4.551687080243551620e+00 4.551687080243551620e+00 6.920836328115737679e+00 6.920836328115737679e+00
1.300000000000000000e+01 1.412215283892528372e+00 1.412215283892528372e+00 4.534856475957573352e+00 4.534856475957573352e+00 6.887497668022619202e+00 6.887497668022619202e+00
1.400000000000000000e+01 1.411864023387590761e+00 1.411864023387592759e+00 4.516757873452426963e+00 4.516757873452426963e+00 6.851651723517261594e+00 6.851651723517262482e+00
1.500000000000000000e+01 1.411483344052926636e+00 1.411483344052927746e+00 4.497409133863714992e+00 4.497409133863714992e+00 6.813334923674501553e+00 6.813334923674501553e+00
1.600000000000000000e+01 1.411072472959656876e+00 1.411072472959657764e+00 4.476829352061408862e+00 4.476829352061408862e+00 6.772586231163159276e+00 6.772586231163159276e+00
1.700000000000000000e+01 1.410630567818541570e+00 1.410630567818541570e+00 4.455038837805521013e+00 4.455038837805521013e+00 6.729447107792500660e+00 6.729447107792500660e+00
1.800000000000000000e+01 1.410156713417562546e+00 1.410156713417562990e+00 4.432059095702820528e+00 4.432059095702820528e+00 6.683961477988078492e+00 6.683961477988078492e+00
1.900000000000000000e+01 1.409649917708444278e+00 1.409649917708444278e+00 4.407912803984386230e+00 4.407912803984386230e+00 6.636175690260328608e+00 6.636175690260328608e+00
2.000000000000000000e+01 1.409109107515769788e+00 1.409109107515769788e+00 4.382623792124926254e+00 4.382623792124926254e+00 6.586138476734083369e+00 6.586138476734083369e+00
2.100000000000000000e+01 1.408533123839635026e+00 1.408533123839635026e+00 4.356217017325966445e+00 4.356217017325966445e+00 6.533900910812297624e+00 6.533900910812297624e+00
2.200000000000000000e+01 1.407920716719772480e+00 1.407920716719773813e+00 4.328718539886104111e+00 4.328718539886104111e+00 6.479516363052434613e+00 6.479516363052434613e+00
2.300000000000000000e+01 1.407270539625839811e+00 1.407270539625840255e+00 4.300155497482643696e+00 4.300155497482643696e+00 6.423040455339445565e+00 6.423040455339446453e+00
2.400000000000000000e+01 1.406581143335033257e+00 1.406581143335033479e+00 4.270556078389976307e+00 4.270556078389976307e+00 6.364531013444919338e+00 6.364531013444919338e+00
2.500000000000000000e+01 1.405850969254428318e+00 1.405850969254428318e+00 4.239949493661166358e+00 4.239949493661166358e+00 6.304048018067905268e+00 6.304048018067905268e+00
2.600000000000000000e+01 1.405078342141265813e+00 1.405078342141266257e+00 4.208365948300164305e+00 4.208365948300164305e+00 6.241653554459061226e+00 6.241653554459061226e+00
2.700000000000000000e+01 1.404261462170003583e+00 1.404261462170003583e+00 4.175836611453112468e+00 4.175836611453112468e+00 6.177411760736221780e+00 6.177411760736221780e+00
2.800000000000000000e+01 1.403398396290113093e+00 1.403398396290113315e+00 4.142393585648164844e+00 4.142393585648164844e+00 6.111388775006217244e+00 6.111388775006217244e+00
2.900000000000000000e+01 1.402487068813536242e+00 1.402487068813536908e+00 4.108069875114166436e+00 4.108069875114166436e+00 6.043652681414796390e+00 6.043652681414796390e+00
3.000000000000000000e+01 1.401525251165125496e+00 1.401525251165125496e+00 4.072899353209462170e+00 4.072899353209462170e+00 5.974273455253798382e+00 5.974273455253798382e+00
3.100000000000000000e+01 1.400510550723640169e+00 1.400510550723640391e+00 4.036916728992983039e+00 4.036916728992983039e+00 5.903322907262325892e+00 5.903322907262325892e+00
3.200000000000000000e+01 1.399440398674661967e+00 1.399440398674662411e+00 4.000157512970595519e+00 4.000157512970595519e+00 5.830874627266526389e+00 5.830874627266527277e+00
3.300000000000000000e+01 1.398312036790388735e+00 1.398312036790388735e+00 3.962657982050519667e+00 3.962657982050519667e+00 5.757003927310650582e+00 5.757003927310650582e+00
3.400000000000000000e+01 1.397122503044578634e+00 1.397122503044578634e+00 3.924455143742401120e+00 3.924455143742401120e+00 5.681787784440223810e+00 5.681787784440223810e+00
3.500000000000000000e+01 1.395868615964205528e+00 1.395868615964205528e+00 3.885586699635365626e+00 3.885586699635365626e+00 5.605304783306525707e+00 5.605304783306525707e+00
3.600000000000000000e+01 1.394546957612607718e+00 1.394546957612608162e+00 3.846091008191101945e+00 3.846091008191101945e+00 5.527635058769595489e+00 5.527635058769595489e+00
3.700000000000000000e+01 1.393153855092445825e+00 1.393153855092446269e+00 3.806007046888692624e+00 3.806007046888692624e+00 5.448860238684938295e+00 5.448860238684938295e+00
3.800000000000000000e+01 1.391685360450798825e+00 1.391685360450799047e+00 3.765374373758548998e+00 3.765374373758548998e+00 5.369063387066299597e+00 5.369063387066299597e+00
3.900000000000000000e+01 1.390137228863615348e+00 1.390137228863616237e+00 3.724233088343407605e+00 3.724233088343407605e+00 5.288328947823199400e+00 5.288328947823199400e+00
4.000000000000000000e+01 1.388504894973062953e+00 1.388504894973062953e+00 3.682623792124926521e+00 3.682623792124926521e+00 5.206742689276789626e+00 5.206742689276789626e+00
4.100000000000000000e+01 1.386783447249605894e+00 1.386783447249605894e+00 3.640587548454921052e+00 3.640587548454921052e+00 5.124391649660235970e+00 5.124391649660235970e+00
4.200000000000000000e+01 1.384967600251955755e+00 1.384967600251956199e+00 3.598165842030796480e+00 3.598165842030796480e+00 5.041364083809636298e+00 5.041364083809636298e+00
4.300000000000000000e+01 1.383051664663280667e+00 1.383051664663281333e+00 3.555400537955159646e+00 3.555400537955159646e+00 4.957749411247037052e+00 4.957749411247037941e+00
4.400000000000000000e+01 1.381029514992870189e+00 1.381029514992870855e+00 3.512333840420014397e+00 3.512333840420014397e+00 4.873638165847158810e+00 4.873638165847158810e+00
4.500000000000000000e+01 1.378894554850567555e+00 1.378894554850567777e+00 3.469008251056322933e+00 3.469008251056322933e+00 4.789121947262078294e+00 4.789121947262078294e+00
4.600000000000000000e+01 1.376639679729164678e+00 1.376639679729166010e+00 3.425466526990025962e+00 3.425466526990025962e+00 4.704293374250884341e+00 4.704293374250886117e+00
4.700000000000000000e+01 1.374257237270536613e+00 1.374257237270537946e+00 3.381751638645920099e+00 3.381751638645920099e+00 4.619246040021302235e+00 4.619246040021302235e+00
4.800000000000000000e+01 1.371738985048425619e+00 1.371738985048425619e+00 3.337906727341038327e+00 3.337906727341038327e+00 4.534074469633651461e+00 4.534074469633651461e+00
4.900000000000000000e+01 1.369076045979205958e+00 1.369076045979205958e+00 3.293975062709379564e+00 3.293975062709379564e+00 4.448874079439553597e+00 4.448874079439553597e+00
5.000000000000000000e+01 1.366258861577489991e+00 1.366258861577490435e+00 3.250000000000000000e+00 3.250000000000000000e+00 4.363741138422508214e+00 4.363741138422508214e+00
5.100000000000000000e+01 1.363277143413355041e+00 1.363277143413356374e+00 3.206024937290620436e+00 3.206024937290620436e+00 4.278772731167883592e+00 4.278772731167884480e+00
5.200000000000000000e+01 1.360119823311054743e+00 1.360119823311054965e+00 3.162093272658961229e+00 3.162093272658961229e+00 4.194066722006867032e+00 4.194066722006867920e+00
5.300000000000000000e+01 1.356775003065837870e+00 1.356775003065838758e+00 3.118248361354079901e+00 3.118248361354079901e+00 4.109721719642321247e+00 4.109721719642321247e+00
5.400000000000000000e+01 1.353229904758407764e+00 1.353229904758407764e+00 3.074533473009974038e+00 3.074533473009974038e+00 4.025837041261540072e+00 4.025837041261540072e+00
5.500000000000000000e+01 1.349470823129887531e+00 1.349470823129887531e+00 3.030991748943676622e+00 3.030991748943676622e+00 3.942512674757465252e+00 3.942512674757465252e+00
5.600000000000000000e+01 1.345483081960232585e+00 1.345483081960233029e+00 2.987666159579985159e+00 2.987666159579985159e+00 3.859849237199736827e+00 3.859849237199737271e+00
5.700000000000000000e+01 1.341250996986975252e+00 1.341250996986976141e+00 2.944599462044840354e+00 2.944599462044840354e+00 3.777947927102704107e+00 3.777947927102704551e+00
5.800000000000000000e+01 1.336757848626971557e+00 1.336757848626971557e+00 2.901834157969203076e+00 2.901834157969203076e+00 3.696910467311435244e+00 3.696910467311435244e+00
5.900000000000000000e+01 1.331985868637342030e+00 1.331985868637342918e+00 2.859412451545078948e+00 2.859412451545078948e+00 3.616839034452814516e+00 3.616839034452814960e+00
6.000000000000000000e+01 1.326916245885151779e+00 1.326916245885152890e+00 2.817376207875073479e+00 2.817376207875073479e+00 3.537836169864993607e+00 3.537836169864994051e+00
6.100000000000000000e+01 1.321529157591489589e+00 1.321529157591489589e+00 2.775766911656591951e+00 2.775766911656591951e+00 3.460004665721693851e+00 3.460004665721693851e+00
6.200000000000000000e+01 1.315803833763134367e+00 1.315803833763134589e+00 2.734625626241451002e+00 2.734625626241451002e+00 3.383447418719766731e+00 3.383447418719767175e+00
6.300000000000000000e+01 1.309718663988673315e+00 1.309718663988673537e+00 2.693992953111306932e+00 2.693992953111306932e+00 3.308267242233940308e+00 3.308267242233940308e+00
6.400000000000000000e+01 1.303251357286600243e+00 1.303251357286600465e+00 2.653908991808898499e+00 2.653908991808898499e+00 3.234566626331195405e+00 3.234566626331195405e+00
6.500000000000000000e+01 1.296379167133511423e+00 1.296379167133511645e+00 2.614413300364634818e+00 2.614413300364634818e+00 3.162447433595757751e+00 3.162447433595757751e+00
6.600000000000000000e+01 1.289079194991535671e+00 1.289079194991536115e+00 2.575544856257598436e+00 2.575544856257598436e+00 3.092010517523660518e+00 3.092010517523660518e+00
6.700000000000000000e+01 1.281328786339957837e+00 1.281328786339957837e+00 2.537342017949480333e+00 2.537342017949480333e+00 3.023355249559002367e+00 3.023355249559002367e+00
6.800000000000000000e+01 1.273106033055500852e+00 1.273106033055500852e+00 2.499842487029404481e+00 2.499842487029404481e+00 2.956578941003307648e+00 2.956578941003307648e+00
6.900000000000000000e+01 1.264390394555057862e+00 1.264390394555058306e+00 2.463083271007016961e+00 2.463083271007016961e+00 2.891776147458976265e+00 2.891776147458976265e+00
7.000000000000000000e+01 1.255163446928911686e+00 1.255163446928912352e+00 2.427100646790537830e+00 2.427100646790537830e+00 2.829037846652163957e+00 2.829037846652163957e+00
7.100000000000000000e+01 1.245409763858779106e+00 1.245409763858779328e+00 2.391930124885832676e+00 2.391930124885832676e+00 2.768450485912886450e+00 2.768450485912886450e+00
7.200000000000000000e+01 1.235117925023949237e+00 1.235117925023949237e+00 2.357606414351834268e+00 2.357606414351834268e+00 2.710094903679719280e+00 2.710094903679719280e+00
7.300000000000000000e+01 1.224281636759735559e+00 1.224281636759735781e+00 2.324163388546887088e+00 2.324163388546887088e+00 2.654045140334037711e+00 2.654045140334038155e+00
7.400000000000000000e+01 1.212900936142553565e+00 1.212900936142553565e+00 2.291634051699835695e+00 2.291634051699835695e+00 2.600367167257117806e+00 2.600367167257117806e+00
7.500000000000000000e+01 1.200983434194871302e+00 1.200983434194871302e+00 2.260050506338833642e+00 2.260050506338833642e+00 2.549117578482795743e+00 2.549117578482795743e+00
7.600000000000000000e+01 1.188545537981283706e+00 1.188545537981283706e+00 2.229443921610023693e+00 2.229443921610023693e+00 2.500342305238763441e+00 2.500342305238763441e+00
7.700000000000000000e+01 1.175613577153434175e+00 1.175613577153434175e+00 2.199844502517356748e+00 2.199844502517356748e+00 2.454075427881279303e+00 2.454075427881279303e+00
7.800000000000000000e+01 1.162224750661207340e+00 1.162224750661207340e+00 2.171281460113895001e+00 2.171281460113895001e+00 2.410338169566582422e+00 2.410338169566582422e+00
7.900000000000000000e+01 1.148427806642199567e+00 1.148427806642199567e+00 2.143782982674033555e+00 2.143782982674033555e+00 2.369138158705867525e+00 2.369138158705867525e+00
8.000000000000000000e+01 1.134283375166258878e+00 1.134283375166258878e+00 2.117376207875073746e+00 2.117376207875073746e+00 2.330469040583888596e+00 2.330469040583888596e+00
8.100000000000000000e+01 1.119863890556180852e+00 1.119863890556180852e+00 2.092087196015613326e+00 2.092087196015613326e+00 2.294310501475045783e+00 2.294310501475045783e+00
8.200000000000000000e+01 1.105253066649654947e+00 1.105253066649654947e+00 2.067940904297179028e+00 2.067940904297179028e+00 2.260628741944703091e+00 2.260628741944703091e+00
8.300000000000000000e+01 1.090544921853353610e+00 1.090544921853353610e+00 2.044961162194478987e+00 2.044961162194478987e+00 2.229377402535603458e+00 2.229377402535603458e+00
8.400000000000000000e+01 1.075842386771262316e+00 1.075842386771262316e+00 2.023170647938591138e+00 2.023170647938591138e+00 2.200498909105919942e+00 2.200498909105919942e+00
8.500000000000000000e+01 1.061255560382441843e+00 1.061255560382441843e+00 2.002590866136285008e+00 2.002590866136285008e+00 2.173926171890127268e+00 2.173926171890127268e+00
8.600000000000000000e+01 1.046899706370311822e+00 1.046899706370311822e+00 1.983242126547572592e+00 1.983242126547572592e+00 2.149584546724833345e+00 2.149584546724833345e+00
8.700000000000000000e+01 1.032893095875477396e+00 1.032893095875477396e+00 1.965143524042426426e+00 1.965143524042426426e+00 2.127393952209374994e+00 2.127393952209374994e+00
8.800000000000000000e+01 1.019354805384543816e+00 1.019354805384543816e+00 1.948312919756447936e+00 1.948312919756447936e+00 2.107271034128352039e+00 2.107271034128352039e+00
8.900000000000000000e+01 1.006402569613824127e+00 1.006402569613824349e+00 1.932766923464084519e+00 1.932766923464084519e+00 2.089131277314343116e+00 2.089131277314344004e+00
9.000000000000000000e+01 9.941507717763661267e-01 9.941507717763662377e-01 1.918520877186784990e+00 1.918520877186784990e+00 2.072890982597203724e+00 2.072890982597203724e+00
9.100000000000000000e+01 9.827086311410782038e-01 9.827086311410783148e-01 1.905588840052279798e+00 1.905588840052279798e+00 2.058469048963480930e+00 2.058469048963480930e+00
9.200000000000000000e+01 9.721786239781826655e-01 9.721786239781827765e-01 1.893983574419916494e+00 1.893983574419916494e+00 2.045788524861650082e+00 2.045788524861650082e+00
9.300000000000000000e+01 9.626551518966356413e-01 9.626551518966357524e-01 1.883716533285753725e+00 1.883716533285753725e+00 2.034777914674871457e+00 2.034777914674871457e+00
9.400000000000000000e+01 9.542234532942067693e-01 9.542234532942068803e-01 1.874797848979835813e+00 1.874797848979835813e+00 2.025372244665464727e+00 2.025372244665464727e+00
9.500000000000000000e+01 9.469587401911041535e-01 9.469587401911042646e-01 1.867236323166807210e+00 1.867236323166807210e+00 2.017513906142510027e+00 2.017513906142510027e+00
9.600000000000000000e+01 9.409255342496744001e-01 9.409255342496744001e-01 1.861039418159730952e+00 1.861039418159730952e+00 2.011153302069786708e+00 2.011153302069787596e+00
9.700000000000000000e+01 9.361771718281749477e-01 9.361771718281750587e-01 1.856213249555688005e+00 1.856213249555688005e+00 2.006249327283200934e+00 2.006249327283200934e+00
9.800000000000000000e+01 9.327554476784659654e-01 9.327554476784660764e-01 1.852762580200419951e+00 1.852762580200419951e+00 2.002769712722373807e+00 2.002769712722373807e+00
9.900000000000000000e+01 9.306903694825180429e-01 9.306903694825181539e-01 1.850690815487975760e+00 1.850690815487975760e+00 2.000691261493432904e+00 2.000691261493432904e+00
1.000000000000000000e+02 9.300000000000000488e-01 9.300000000000000488e-01 1.850000000000000089e+00 1.850000000000000089e+00 2.000000000000000000e+00 2.000000000000000000e+00
1.010000000000000000e+02 9.293087385065669226e-01 9.293087385065670336e-01 1.849309184512024418e+00 1.849309184512024418e+00 1.999309630517481784e+00 1.999309630517482006e+00
1.020000000000000000e+02 9.272302872776261307e-01 9.272302872776262417e-01 1.847237419799580227e+00 1.847237419799580227e+00 1.997244552321534083e+00 1.997244552321534083e+00
1.030000000000000000e+02 9.237506727167991150e-01 9.237506727167992260e-01 1.843786750444312172e+00 1.843786750444312172e+00 1.993822828171825101e+00 1.993822828171825101e+00
1.040000000000000000e+02 9.188466979302126747e-01 9.188466979302127857e-01 1.838960581840269226e+00 1.838960581840269226e+00 1.989074465750325427e+00 1.989074465750325427e+00
1.050000000000000000e+02 9.124860938574900215e-01 9.124860938574901326e-01 1.832763676833192967e+00 1.832763676833192967e+00 1.983041259808895784e+00 1.983041259808895784e+00
1.060000000000000000e+02 9.046277553345352107e-01 9.046277553345353217e-01 1.825202151020164365e+00 1.825202151020164365e+00 1.975776546705793280e+00 1.975776546705793280e+00
1.070000000000000000e+02 8.952220853251283694e-01 8.952220853251285915e-01 1.816283466714246453e+00 1.816283466714246453e+00 1.967344848103364185e+00 1.967344848103364630e+00
1.080000000000000000e+02 8.842114751383498561e-01 8.842114751383499671e-01 1.806016425580083684e+00 1.806016425580083684e+00 1.957821376021817272e+00 1.957821376021817272e+00
1.090000000000000000e+02 8.715309510365186751e-01 8.715309510365187862e-01 1.794411159947720380e+00 1.794411159947720380e+00 1.947291368858921956e+00 1.947291368858922178e+00
1.100000000000000000e+02 8.571090174027959918e-01 8.571090174027959918e-01 1.781479122813214966e+00 1.781479122813214966e+00 1.935849228223633922e+00 1.935849228223633922e+00
1.110000000000000000e+02 8.408687226856554897e-01 8.408687226856556007e-01 1.767233076535915659e+00 1.767233076535915659e+00 1.923597430386175589e+00 1.923597430386175589e+00
1.120000000000000000e+02 8.227289658716476772e-01 8.227289658716477883e-01 1.751687080243552019e+00 1.751687080243552019e+00 1.910645194615456344e+00 1.910645194615456344e+00
1.130000000000000000e+02 8.026060477906249435e-01 8.026060477906250545e-01 1.734856475957573752e+00 1.734856475957573752e+00 1.897106904124522542e+00 1.897106904124522764e+00
1.140000000000000000e+02 7.804154532751663709e-01 7.804154532751664819e-01 1.716757873452427363e+00 1.716757873452427363e+00 1.883100293629688338e+00 1.883100293629688338e+00
1.150000000000000000e+02 7.560738281098724478e-01 7.560738281098725588e-01 1.697409133863715169e+00 1.697409133863715169e+00 1.868744439617557873e+00 1.868744439617557873e+00
1.160000000000000000e+02 7.295010908940802175e-01 7.295010908940804395e-01 1.676829352061409040e+00 1.676829352061409040e+00 1.854157613228737622e+00 1.854157613228737622e+00
1.170000000000000000e+02 7.006225974643960352e-01 7.006225974643962573e-01 1.655038837805521190e+00 1.655038837805521190e+00 1.839455078146645661e+00 1.839455078146646105e+00
1.180000000000000000e+02 6.693712580552969582e-01 6.693712580552970692e-01 1.632059095702821150e+00 1.632059095702821150e+00 1.824746933350345213e+00 1.824746933350345213e+00
1.190000000000000000e+02 6.356894985249539332e-01 6.356894985249541552e-01 1.607912803984386629e+00 1.607912803984386629e+00 1.810136109443818642e+00 1.810136109443818864e+00
1.200000000000000000e+02 5.995309594161113420e-01 5.995309594161114530e-01 1.582623792124926432e+00 1.582623792124926432e+00 1.795716624833741282e+00 1.795716624833741282e+00
1.210000000000000000e+02 5.608618412941323017e-01 5.608618412941324127e-01 1.556217017325966623e+00 1.556217017325966623e+00 1.781572193357800815e+00 1.781572193357800815e+00
1.220000000000000000e+02 5.196618304334170713e-01 5.196618304334171823e-01 1.528718539886104955e+00 1.528718539886104955e+00 1.767775249338792598e+00 1.767775249338793042e+00
1.230000000000000000e+02 4.759245721187207456e-01 4.759245721187207456e-01 1.500155497482643430e+00 1.500155497482643430e+00 1.754386422846565541e+00 1.754386422846565985e+00
1.240000000000000000e+02 4.296576947612361086e-01 4.296576947612362751e-01 1.470556078389976262e+00 1.470556078389976262e+00 1.741454462018716232e+00 1.741454462018716232e+00
1.250000000000000000e+02 3.808824215172040839e-01 3.808824215172041394e-01 1.439949493661166535e+00 1.439949493661166535e+00 1.729016565805129080e+00 1.729016565805129080e+00
1.260000000000000000e+02 3.296328327428817984e-01 3.296328327428821314e-01 1.408365948300164039e+00 1.408365948300164039e+00 1.717099063857445707e+00 1.717099063857446151e+00
1.270000000000000000e+02 2.759548596659610054e-01 2.759548596659612274e-01 1.375836611453112646e+00 1.375836611453112646e+00 1.705718363240264157e+00 1.705718363240264157e+00
1.280000000000000000e+02 2.199050963202803244e-01 2.199050963202803244e-01 1.342393585648165466e+00 1.342393585648165466e+00 1.694882074976050479e+00 1.694882074976050479e+00
1.290000000000000000e+02 1.615495140871132662e-01 1.615495140871132662e-01 1.308069875114167058e+00 1.308069875114167058e+00 1.684590236141220831e+00 1.684590236141220831e+00
1.300000000000000000e+02 1.009621533478360783e-01 1.009621533478361616e-01 1.272899353209462348e+00 1.272899353209462348e+00 1.674836553071088474e+00 1.674836553071088474e+00
1.310000000000000000e+02 3.822385254102359659e-02 3.822385254102372149e-02 1.236916728992982994e+00 1.236916728992982994e+00 1.665609605444942298e+00 1.665609605444942520e+00
1.320000000000000000e+02 -2.657894100330876475e-02 -2.657894100330859821e-02 1.200157512970595253e+00 1.200157512970595253e+00 1.656893966944498864e+00 1.656893966944499086e+00
1.330000000000000000e+02 -9.335524955900270649e-02 -9.335524955900265098e-02 1.162657982050519845e+00 1.162657982050519845e+00 1.648671213660042323e+00 1.648671213660042323e+00
1.340000000000000000e+02 -1.620105175236613015e-01 -1.620105175236613015e-01 1.124455143742401297e+00 1.124455143742401297e+00 1.640920805008463823e+00 1.640920805008463823e+00
1.350000000000000000e+02 -2.324474335957574245e-01 -2.324474335957570359e-01 1.085586699635365804e+00 1.085586699635365804e+00 1.633620832866488071e+00 1.633620832866488515e+00
1.360000000000000000e+02 -3.045666263311958000e-01 -3.045666263311955779e-01 1.046091008191101901e+00 1.046091008191101901e+00 1.626748642713399473e+00 1.626748642713399473e+00
1.370000000000000000e+02 -3.782672422339410367e-01 -3.782672422339410367e-01 1.006007046888692802e+00 1.006007046888692802e+00 1.620281336011326623e+00 1.620281336011326623e+00
1.380000000000000000e+02 -4.534474187197674033e-01 -4.534474187197673478e-01 9.653743737585491758e-01 9.653743737585491758e-01 1.614196166236865793e+00 1.614196166236865793e+00
1.390000000000000000e+02 -5.300046657216948010e-01 -5.300046657216944679e-01 9.242330883434078936e-01 9.242330883434078936e-01 1.608470842408509460e+00 1.608470842408510570e+00
1.400000000000000000e+02 -6.078361698649945577e-01 -6.078361698649945577e-01 8.826237921249265872e-01 8.826237921249265872e-01 1.603083754114847270e+00 1.603083754114847270e+00
1.410000000000000000e+02 -6.868390344528150226e-01 -6.868390344528148006e-01 8.405875484549211185e-01 8.405875484549211185e-01 1.598014131362657020e+00 1.598014131362657242e+00
1.420000000000000000e+02 -7.669104673114353066e-01 -7.669104673114351955e-01 7.981658420307967683e-01 7.981658420307967683e-01 1.593242151373028603e+00 1.593242151373028825e+00
1.430000000000000000e+02 -8.479479271027048348e-01 -8.479479271027048348e-01 7.554005379551596011e-01 7.554005379551596011e-01 1.588749003013023797e+00 1.588749003013023797e+00
1.440000000000000000e+02 -9.298492371997384431e-01 -9.298492371997381101e-01 7.123338404200144636e-01 7.123338404200144636e-01 1.584516918039766908e+00 1.584516918039767130e+00
1.450000000000000000e+02 -1.012512674757465980e+00 -1.012512674757465980e+00 6.690082510563231111e-01 6.690082510563231111e-01 1.580529176870112185e+00 1.580529176870112185e+00
1.460000000000000000e+02 -1.095837041261540135e+00 -1.095837041261540135e+00 6.254665269900261393e-01 6.254665269900261393e-01 1.576770095241592173e+00 1.576770095241592395e+00
1.470000000000000000e+02 -1.179721719642321087e+00 -1.179721719642321087e+00 5.817516386459201660e-01 5.817516386459201660e-01 1.573224996934161179e+00 1.573224996934161179e+00
1.480000000000000000e+02 -1.264066722006867538e+00 -1.264066722006867538e+00 5.379067273410388372e-01 5.379067273410388372e-01 1.569880176688944973e+00 1.569880176688944973e+00
1.490000000000000000e+02 -1.348772731167884764e+00 -1.348772731167884542e+00 4.939750627093796309e-01 4.939750627093796309e-01 1.566722856586644008e+00 1.566722856586644230e+00
1.500000000000000000e+02 -1.433741138422510053e+00 -1.433741138422509831e+00 4.499999999999999556e-01 4.499999999999999556e-01 1.563741138422509280e+00 1.563741138422509502e+00
1.510000000000000000e+02 -1.518874079439553659e+00 -1.518874079439553215e+00 4.060249372906206133e-01 4.060249372906206133e-01 1.560923954020794202e+00 1.560923954020794424e+00
1.520000000000000000e+02 -1.604074469633652189e+00 -1.604074469633651967e+00 3.620932726589614070e-01 3.620932726589614070e-01 1.558261014951574319e+00 1.558261014951574541e+00
1.530000000000000000e+02 -1.689246040021302520e+00 -1.689246040021302298e+00 3.182483613540800782e-01 3.182483613540800782e-01 1.555742762729462436e+00 1.555742762729462658e+00
1.540000000000000000e+02 -1.774293374250886623e+00 -1.774293374250886401e+00 2.745334730099741050e-01 2.745334730099741050e-01 1.553360320270834150e+00 1.553360320270834372e+00
1.550000000000000000e+02 -1.859121947262079244e+00 -1.859121947262079022e+00 2.309917489436767446e-01 2.309917489436767446e-01 1.551105445149432605e+00 1.551105445149432605e+00
1.560000000000000000e+02 -1.943638165847159316e+00 -1.943638165847159094e+00 1.876661595799854476e-01 1.876661595799854476e-01 1.548970485007130193e+00 1.548970485007130415e+00
1.570000000000000000e+02 -2.027749411247038225e+00 -2.027749411247037781e+00 1.445994620448405876e-01 1.445994620448405876e-01 1.546948335336718827e+00 1.546948335336719271e+00
1.580000000000000000e+02 -2.111364083809637471e+00 -2.111364083809637027e+00 1.018341579692034204e-01 1.018341579692034204e-01 1.545032399748043961e+00 1.545032399748043961e+00
1.590000000000000000e+02 -2.194391649660235366e+00 -2.194391649660235366e+00 5.941245154507912574e-02 5.941245154507912574e-02 1.543216552750393822e+00 1.543216552750393822e+00
1.600000000000000000e+02 -2.276742689276789910e+00 -2.276742689276789466e+00 1.737620787507360154e-02 1.737620787507360154e-02 1.541495105026936097e+00 1.541495105026936763e+00
1.610000000000000000e+02 -2.358328947823200128e+00 -2.358328947823199684e+00 -2.423308834340792695e-02 -2.423308834340792695e-02 1.539862771136383923e+00 1.539862771136384367e+00
1.620000000000000000e+02 -2.439063387066299438e+00 -2.439063387066299438e+00 -6.537437375854893151e-02 -6.537437375854893151e-02 1.538314639549201113e+00 1.538314639549201113e+00
1.630000000000000000e+02 -2.518860238684939468e+00 -2.518860238684939468e+00 -1.060070468886927797e-01 -1.060070468886927797e-01 1.536846144907554113e+00 1.536846144907554113e+00
1.640000000000000000e+02 -2.597635058769595773e+00 -2.597635058769595773e+00 -1.460910081911015457e-01 -1.460910081911015457e-01 1.535453042387391998e+00 1.535453042387391998e+00
1.650000000000000000e+02 -2.675304783306524659e+00 -2.675304783306524659e+00 -1.855866996353651155e-01 -1.855866996353651155e-01 1.534131384035794410e+00 1.534131384035794632e+00
1.660000000000000000e+02 -2.751787784440224094e+00 -2.751787784440224094e+00 -2.244551437424013862e-01 -2.244551437424013862e-01 1.532877496955421748e+00 1.532877496955421748e+00
1.670000000000000000e+02 -2.827003927310650866e+00 -2.827003927310650422e+00 -2.626579820505196006e-01 -2.626579820505196006e-01 1.531687963209611425e+00 1.531687963209611425e+00
1.680000000000000000e+02 -2.900874627266528893e+00 -2.900874627266528449e+00 -3.001575129705954526e-01 -3.001575129705954526e-01 1.530559601325337082e+00 1.530559601325337526e+00
1.690000000000000000e+02 -2.973322907262325732e+00 -2.973322907262325732e+00 -3.369167289929827502e-01 -3.369167289929827502e-01 1.529489449276359991e+00 1.529489449276359991e+00
1.700000000000000000e+02 -3.044273455253798666e+00 -3.044273455253798666e+00 -3.728993532094619923e-01 -3.728993532094619923e-01 1.528474748834873997e+00 1.528474748834873997e+00
1.710000000000000000e+02 -3.113652681414798451e+00 -3.113652681414798007e+00 -4.080698751141670355e-01 -4.080698751141670355e-01 1.527512931186463474e+00 1.527512931186463696e+00
1.720000000000000000e+02 -3.181388775006218417e+00 -3.181388775006217973e+00 -4.423935856481654438e-01 -4.423935856481654438e-01 1.526601603709886845e+00 1.526601603709886845e+00
1.730000000000000000e+02 -3.247411760736222952e+00 -3.247411760736222508e+00 -4.758366114531126234e-01 -4.758366114531126234e-01 1.525738537829997021e+00 1.525738537829997243e+00
1.740000000000000000e+02 -3.311653554459062399e+00 -3.311653554459061954e+00 -5.083659483001640167e-01 -5.083659483001640167e-01 1.524921657858733681e+00 1.524921657858733681e+00
1.750000000000000000e+02 -3.374048018067904664e+00 -3.374048018067904664e+00 -5.399494936611661799e-01 -5.399494936611661799e-01 1.524149030745572730e+00 1.524149030745572730e+00
1.760000000000000000e+02 -3.434531013444919623e+00 -3.434531013444919623e+00 -5.705560783899761290e-01 -5.705560783899761290e-01 1.523418856664967125e+00 1.523418856664967125e+00
1.770000000000000000e+02 -3.493040455339445849e+00 -3.493040455339445849e+00 -6.001554974826430744e-01 -6.001554974826430744e-01 1.522729460374159904e+00 1.522729460374159904e+00
1.780000000000000000e+02 -3.549516363052435786e+00 -3.549516363052435786e+00 -6.287185398861048213e-01 -6.287185398861048213e-01 1.522079283280226347e+00 1.522079283280226347e+00
1.790000000000000000e+02 -3.603900910812297909e+00 -3.603900910812297909e+00 -6.562170173259662675e-01 -6.562170173259662675e-01 1.521466876160365134e+00 1.521466876160365134e+00
1.800000000000000000e+02 -3.656138476734082765e+00 -3.656138476734082765e+00 -6.826237921249260765e-01 -6.826237921249260765e-01 1.520890892484230594e+00 1.520890892484230594e+00
1.810000000000000000e+02 -3.706175690260328892e+00 -3.706175690260328892e+00 -7.079128039843864961e-01 -7.079128039843864961e-01 1.520350082291555438e+00 1.520350082291555438e+00
1.820000000000000000e+02 -3.753961477988078776e+00 -3.753961477988078776e+00 -7.320590957028207946e-01 -7.320590957028207946e-01 1.519843286582437392e+00 1.519843286582437392e+00
1.830000000000000000e+02 -3.799447107792500944e+00 -3.799447107792500500e+00 -7.550388378055210570e-01 -7.550388378055210570e-01 1.519369432181458590e+00 1.519369432181458812e+00
1.840000000000000000e+02 -3.842586231163159560e+00 -3.842586231163159560e+00 -7.768293520614086844e-01 -7.768293520614086844e-01 1.518927527040342618e+00 1.518927527040342618e+00
1.850000000000000000e+02 -3.883334923674502726e+00 -3.883334923674502281e+00 -7.974091338637150361e-01 -7.974091338637150361e-01 1.518516655947072636e+00 1.518516655947072636e+00
1.860000000000000000e+02 -3.921651723517261878e+00 -3.921651723517261434e+00 -8.167578734524272299e-01 -8.167578734524272299e-01 1.518135976612407623e+00 1.518135976612407845e+00
1.870000000000000000e+02 -3.957497668022618598e+00 -3.957497668022618598e+00 -8.348564759575733962e-01 -8.348564759575733962e-01 1.517784716107471565e+00 1.517784716107472232e+00
1.880000000000000000e+02 -3.990836328115737963e+00 -3.990836328115737963e+00 -8.516870802435518861e-01 -8.516870802435518861e-01 1.517462167628634395e+00 1.517462167628634395e+00
1.890000000000000000e+02 -4.021633840640099322e+00 -4.021633840640099322e+00 -8.672330765359153038e-01 -8.672330765359153038e-01 1.517167687568268253e+00 1.517167687568269141e+00
1.900000000000000000e+02 -4.049858938498535288e+00 -4.049858938498535288e+00 -8.814791228132148326e-01 -8.814791228132148326e-01 1.516900692872106049e+00 1.516900692872106049e+00
1.910000000000000000e+02 -4.075482978561397296e+00 -4.075482978561396408e+00 -8.944111599477200247e-01 -8.944111599477200247e-01 1.516660658665956340e+00 1.516660658665956563e+00
1.920000000000000000e+02 -4.098479967296559501e+00 -4.098479967296559501e+00 -9.060164255800833288e-01 -9.060164255800833288e-01 1.516447116136392381e+00 1.516447116136392381e+00
1.930000000000000000e+02 -4.118826584080259146e+00 -4.118826584080259146e+00 -9.162834667142460976e-01 -9.162834667142460976e-01 1.516259650651766488e+00 1.516259650651766711e+00
1.940000000000000000e+02 -4.136502202151845609e+00 -4.136502202151845609e+00 -9.252021510201640098e-01 -9.252021510201640098e-01 1.516097900111517349e+00 1.516097900111517349e+00
1.950000000000000000e+02 -4.151488907179668786e+00 -4.151488907179668786e+00 -9.327636768331926120e-01 -9.327636768331926120e-01 1.515961553513283544e+00 1.515961553513283544e+00
1.960000000000000000e+02 -4.163771513409272096e+00 -4.163771513409272096e+00 -9.389605818402688708e-01 -9.389605818402688708e-01 1.515850349728734558e+00 1.515850349728734781e+00
1.970000000000000000e+02 -4.173337577369045981e+00 -4.173337577369045981e+00 -9.437867504443118172e-01 -9.437867504443118172e-01 1.515764076480422107e+00 1.515764076480422107e+00
1.980000000000000000e+02 -4.180177409112383557e+00 -4.180177409112383557e+00 -9.472374197995798717e-01 -9.472374197995798717e-01 1.515702569513223574e+00 1.515702569513223574e+00
1.990000000000000000e+02 -4.184284080979249865e+00 -4.184284080979249865e+00 -9.493091845120240624e-01 -9.493091845120240624e-01 1.515665711955201722e+00 1.515665711955201722e+00
2.000000000000000000e+02 -4.185653433863891770e+00 -4.185653433863891770e+00 -9.499999999999997335e-01 -9.499999999999997335e-01 1.515653433863892285e+00 1.515653433863892285e+00
2.010000000000000000e+02 -4.182914733995376722e+00 -4.182914733995376722e+00 -9.486183690240483912e-01 -9.486183690240483912e-01 1.515677995947280143e+00 1.515677995947280143e+00
2.020000000000000000e+02 -4.174701478929101484e+00 -4.174701478929101484e+00 -9.444748395991600098e-01 -9.444748395991600098e-01 1.515751799730781002e+00 1.515751799730781002e+00
2.030000000000000000e+02 -4.161022200945833305e+00 -4.161022200945833305e+00 -9.375735008886239008e-01 -9.375735008886239008e-01 1.515875199168585041e+00 1.515875199168585041e+00
2.040000000000000000e+02 -4.141891116087991875e+00 -4.141891116087991875e+00 -9.279211636805375640e-01 -9.279211636805375640e-01 1.516048788726916063e+00 1.516048788726916063e+00
2.050000000000000000e+02 -4.117328117631951834e+00 -4.117328117631951834e+00 -9.155273536663850464e-01 -9.155273536663850464e-01 1.516273410299181057e+00 1.516273410299181057e+00
2.060000000000000000e+02 -4.087358767173897789e+00 -4.087358767173897789e+00 -9.004043020403282860e-01 -9.004043020403282860e-01 1.516550163093240755e+00 1.516550163093240755e+00
2.070000000000000000e+02 -4.052014283562230368e+00 -4.052014283562230368e+00 -8.825669334284924616e-01 -8.825669334284924616e-01 1.516880416705245427e+00 1.516880416705245427e+00
2.080000000000000000e+02 -4.011331529988478195e+00 -4.011331529988478195e+00 -8.620328511601669241e-01 -8.620328511601669241e-01 1.517265827668143663e+00 1.517265827668143663e+00
2.090000000000000000e+02 -3.965352999637669740e+00 -3.965352999637669740e+00 -8.388223198954398718e-01 -8.388223198954398718e-01 1.517708359846790644e+00 1.517708359846790644e+00
2.100000000000000000e+02 -3.914126800401664497e+00 -3.914126800401664497e+00 -8.129582456264294876e-01 -8.129582456264294876e-01 1.518210309148806392e+00 1.518210309148806392e+00
2.110000000000000000e+02 -3.857706639278578820e+00 -3.857706639278578820e+00 -7.844661530718308740e-01 -7.844661530718308740e-01 1.518774333134916832e+00 1.518774333134916832e+00
2.120000000000000000e+02 -3.796151807223551167e+00 -3.796151807223551167e+00 -7.533741604871035946e-01 -7.533741604871035946e-01 1.519403486249344404e+00 1.519403486249344404e+00
2.130000000000000000e+02 -3.729527165386352205e+00 -3.729527165386351317e+00 -7.197129519151470589e-01 -7.197129519151470589e-01 1.520101261556057404e+00 1.520101261556058070e+00
2.140000000000000000e+02 -3.657903133877852930e+00 -3.657903133877852930e+00 -6.835157469048538381e-01 -6.835157469048538381e-01 1.520871640068146124e+00 1.520871640068146124e+00
2.150000000000000000e+02 -3.581355684460033828e+00 -3.581355684460033828e+00 -6.448182677274294505e-01 -6.448182677274294505e-01 1.521719149005174909e+00 1.521719149005174909e+00
2.160000000000000000e+02 -3.499966338865655224e+00 -3.499966338865655224e+00 -6.036587041228176354e-01 -6.036587041228176354e-01 1.522648930620019936e+00 1.522648930620019936e+00
2.170000000000000000e+02 -3.413822174841109280e+00 -3.413822174841109280e+00 -5.600776756110414922e-01 -5.600776756110414922e-01 1.523666823619026944e+00 1.523666823619026944e+00
2.180000000000000000e+02 -3.323015842490580241e+00 -3.323015842490580241e+00 -5.141181914056418556e-01 -5.141181914056418556e-01 1.524779459679296956e+00 1.524779459679296956e+00
2.190000000000000000e+02 -3.227645594110747140e+00 -3.227645594110747140e+00 -4.658256079687723705e-01 -4.658256079687723705e-01 1.525994378173201715e+00 1.525994378173201715e+00
2.200000000000000000e+02 -3.127815331480809924e+00 -3.127815331480809924e+00 -4.152475842498524194e-01 -4.152475842498524194e-01 1.527320162981104623e+00 1.527320162981104623e+00
2.210000000000000000e+02 -3.023634675563500629e+00 -3.023634675563500629e+00 -3.624340346519328016e-01 -3.624340346519328016e-01 1.528766606259634342e+00 1.528766606259634342e+00
2.220000000000000000e+02 -2.915219064847677899e+00 -2.915219064847677899e+00 -3.074370797722094650e-01 -3.074370797722094650e-01 1.530344905303258507e+00 1.530344905303258507e+00
2.230000000000000000e+02 -2.802689890214585589e+00 -2.802689890214585589e+00 -2.503109949652864152e-01 -2.503109949652864152e-01 1.532067900284012518e+00 1.532067900284012518e+00
2.240000000000000000e+02 -2.686174676364361247e+00 -2.686174676364361247e+00 -1.911121567799516363e-01 -1.911121567799516363e-01 1.533950362804457734e+00 1.533950362804457734e+00
2.250000000000000000e+02 -2.565807322670355717e+00 -2.565807322670355717e+00 -1.298989873223326263e-01 -1.298989873223326263e-01 1.536009348025690224e+00 1.536009348025690224e+00
2.260000000000000000e+02 -2.441728420075957917e+00 -2.441728420075957917e+00 -6.673189660032829984e-02 -6.673189660032829984e-02 1.538264626875301300e+00 1.538264626875301300e+00
2.270000000000000000e+02 -2.314085665645952528e+00 -2.314085665645952083e+00 -1.673222906224625106e-03 -1.673222906224625106e-03 1.540739219833503260e+00 1.540739219833503482e+00
2.280000000000000000e+02 -2.183034403099977538e+00 -2.183034403099977538e+00 6.521282870366995610e-02 6.521282870366995610e-02 1.543460060507317655e+00 1.543460060507317655e+00
2.290000000000000000e+02 -2.048738326750290994e+00 -2.048738326750290994e+00 1.338602497716665507e-01 1.338602497716665507e-01 1.546458826293623412e+00 1.546458826293623412e+00
2.300000000000000000e+02 -1.911370398678509552e+00 -1.911370398678509330e+00 2.042012935810757490e-01 2.042012935810757490e-01 1.549772985840661033e+00 1.549772985840661033e+00
2.310000000000000000e+02 -1.771114046056482483e+00 -1.771114046056482483e+00 2.761665420140341221e-01 2.761665420140341221e-01 1.553447130084550931e+00 1.553447130084550931e+00
2.320000000000000000e+02 -1.628164729166485802e+00 -1.628164729166485802e+00 3.496849740588100497e-01 3.496849740588100497e-01 1.557534677284106106e+00 1.557534677284106106e+00
2.330000000000000000e+02 -1.482732003664886777e+00 -1.482732003664886555e+00 4.246840358989616426e-01 4.246840358989616426e-01 1.562100075462809823e+00 1.562100075462809823e+00
2.340000000000000000e+02 -1.335042246915897568e+00 -1.335042246915897568e+00 5.010897125151979603e-01 5.010897125151979603e-01 1.567221671946293693e+00 1.567221671946293693e+00
2.350000000000000000e+02 -1.185342283422887055e+00 -1.185342283422887055e+00 5.788266007292696136e-01 5.788266007292696136e-01 1.572995484881426043e+00 1.572995484881426043e+00
2.360000000000000000e+02 -1.033904236360549289e+00 -1.033904236360549067e+00 6.578179836177966422e-01 6.578179836177966422e-01 1.579540203596142334e+00 1.579540203596142556e+00
2.370000000000000000e+02 -8.810320615394187094e-01 -8.810320615394187094e-01 7.379859062226148403e-01 7.379859062226148403e-01 1.587003873984648372e+00 1.587003873984648372e+00
2.380000000000000000e+02 -7.270703999924421623e-01 -7.270703999924421623e-01 8.192512524829025367e-01 8.192512524829025367e-01 1.595572904958247218e+00 1.595572904958247218e+00
2.390000000000000000e+02 -5.724166293332635380e-01 -5.724166293332635380e-01 9.015338233131848789e-01 9.015338233131848789e-01 1.605484275959633056e+00 1.605484275959633056e+00
2.400000000000000000e+02 -4.175373080012555471e-01 -4.175373080012551585e-01 9.847524157501474917e-01 9.847524157501474917e-01 1.617042139501549736e+00 1.617042139501550180e+00
2.410000000000000000e+02 -2.629905657484641335e-01 -2.629905657484641335e-01 1.068824903090158429e+00 1.068824903090158429e+00 1.630640371928780752e+00 1.630640371928780974e+00
2.420000000000000000e+02 -1.094562846895756059e-01 -1.094562846895755781e-01 1.153668315938407130e+00 1.153668315938407130e+00 1.646792916566389930e+00 1.646792916566389930e+00
2.430000000000000000e+02 4.222419890840919260e-02 4.222419890840928974e-02 1.239198924089681686e+00 1.239198924089681686e+00 1.666173649270953794e+00 1.666173649270954016e+00
2.440000000000000000e+02 1.909984981442286733e-01 1.909984981442287288e-01 1.325332319159971739e+00 1.325332319159971739e+00 1.689666140175714704e+00 1.689666140175714704e+00
2.450000000000000000e+02 3.355477046838223898e-01 3.355477046838224453e-01 1.411983497887354222e+00 1.411983497887354222e+00 1.718419291090885981e+00 1.718419291090885981e+00
2.460000000000000000e+02 4.742396190201040307e-01 4.742396190201044748e-01 1.499066946019948610e+00 1.499066946019948610e+00 1.753894273019792616e+00 1.753894273019793060e+00
2.470000000000000000e+02 6.051252133756470641e-01 6.051252133756470641e-01 1.586496722708160334e+00 1.586496722708160334e+00 1.797868232040673586e+00 1.797868232040673586e+00
2.480000000000000000e+02 7.260388108403290630e-01 7.260388108403291740e-01 1.674186545317922992e+00 1.674186545317922992e+00 1.852334279795516903e+00 1.852334279795516903e+00
2.490000000000000000e+02 8.348688858319351924e-01 8.348688858319353034e-01 1.762049874581241404e+00 1.762049874581241404e+00 1.919230863330547709e+00 1.919230863330547709e+00
2.500000000000000000e+02 9.300000000000009370e-01 9.300000000000010481e-01 1.850000000000000977e+00 1.850000000000000977e+00 2.000000000000000888e+00 2.000000000000000888e+00
2.510000000000000000e+02 1.010769136669453117e+00 1.010769136669453339e+00 1.937950125418759661e+00 1.937950125418759661e+00 2.095131114168065523e+00 2.095131114168065523e+00
2.520000000000000000e+02 1.077665720204483701e+00 1.077665720204484145e+00 2.025813454682078074e+00 2.025813454682078074e+00 2.203961189159671541e+00 2.203961189159671541e+00
2.530000000000000000e+02 1.132131767959326796e+00 1.132131767959327018e+00 2.113503277291840732e+00 2.113503277291840732e+00 2.324874786624353984e+00 2.324874786624353984e+00
2.540000000000000000e+02 1.176105726980207766e+00 1.176105726980207766e+00 2.200933053980052900e+00 2.200933053980052900e+00 2.455760380979897572e+00 2.455760380979897572e+00
2.550000000000000000e+02 1.211580708909114401e+00 1.211580708909114401e+00 2.288016502112647288e+00 2.288016502112647288e+00 2.594452295316179935e+00 2.594452295316180823e+00
2.560000000000000000e+02 1.240333859824285678e+00 1.240333859824285678e+00 2.374667680840029771e+00 2.374667680840029771e+00 2.739001501855773846e+00 2.739001501855773846e+00
2.570000000000000000e+02 1.263826350729045700e+00 1.263826350729046366e+00 2.460801075910319380e+00 2.460801075910319380e+00 2.887775801091592154e+00 2.887775801091592598e+00
2.580000000000000000e+02 1.283207083433610229e+00 1.283207083433611340e+00 2.546331684061593936e+00 2.546331684061593936e+00 3.039456284689576737e+00 3.039456284689577625e+00
2.590000000000000000e+02 1.299359628071219408e+00 1.299359628071219630e+00 2.631175096909842637e+00 2.631175096909842637e+00 3.192990565748465848e+00 3.192990565748465848e+00
2.600000000000000000e+02 1.312957860498449536e+00 1.312957860498449980e+00 2.715247584249853574e+00 2.715247584249853574e+00 3.347537308001256484e+00 3.347537308001257372e+00
2.610000000000000000e+02 1.324515724040367104e+00 1.324515724040367104e+00 2.798466176686817075e+00 2.798466176686817075e+00 3.502416629333266584e+00 3.502416629333266584e+00
2.620000000000000000e+02 1.334427095041752942e+00 1.334427095041752942e+00 2.880748747517098973e+00 2.880748747517098973e+00 3.657070399992444543e+00 3.657070399992444543e+00
2.630000000000000000e+02 1.342996126015351566e+00 1.342996126015351788e+00 2.962014093777386226e+00 2.962014093777386226e+00 3.811032061539420202e+00 3.811032061539420646e+00
2.640000000000000000e+02 1.350459796403857604e+00 1.350459796403858048e+00 3.042182016382203980e+00 3.042182016382203980e+00 3.963904236360549671e+00 3.963904236360550115e+00
2.650000000000000000e+02 1.357004515118574339e+00 1.357004515118574339e+00 3.121173399270731341e+00 3.121173399270731341e+00 4.115342283422887881e+00 4.115342283422887881e+00
2.660000000000000000e+02 1.362778328053706023e+00 1.362778328053706245e+00 3.198910287484803217e+00 3.198910287484803217e+00 4.265042246915899504e+00 4.265042246915900392e+00
2.670000000000000000e+02 1.367899924537190115e+00 1.367899924537190115e+00 3.275315964101040311e+00 3.275315964101040311e+00 4.412732003664889824e+00 4.412732003664889824e+00
2.680000000000000000e+02 1.372465322715894054e+00 1.372465322715894054e+00 3.350315025941191571e+00 3.350315025941191571e+00 4.558164729166488627e+00 4.558164729166488627e+00
2.690000000000000000e+02 1.376552869915448341e+00 1.376552869915449451e+00 3.423833457985966167e+00 3.423833457985966167e+00 4.701114046056482643e+00 4.701114046056483531e+00
2.700000000000000000e+02 1.380227014159338239e+00 1.380227014159339127e+00 3.495798706418924873e+00 3.495798706418924873e+00 4.841370398678510156e+00 4.841370398678510156e+00
2.710000000000000000e+02 1.383541173706376082e+00 1.383541173706376526e+00 3.566139750228334737e+00 3.566139750228334737e+00 4.978738326750292487e+00 4.978738326750292487e+00
2.720000000000000000e+02 1.386539939492682061e+00 1.386539939492682949e+00 3.634787171296331554e+00 3.634787171296331554e+00 5.113034403099979919e+00 5.113034403099979919e+00
2.730000000000000000e+02 1.389260780166496456e+00 1.389260780166496900e+00 3.701673222906225913e+00 3.701673222906225913e+00 5.244085665645954464e+00 5.244085665645954464e+00
2.740000000000000000e+02 1.391735373124698416e+00 1.391735373124698860e+00 3.766731896600328700e+00 3.766731896600328700e+00 5.371728420075958077e+00 5.371728420075958077e+00
2.750000000000000000e+02 1.393990651974308825e+00 1.393990651974309714e+00 3.829898987322333248e+00 3.829898987322333248e+00 5.495807322670355433e+00 5.495807322670355433e+00
2.760000000000000000e+02 1.396049637195542203e+00 1.396049637195542203e+00 3.891112156779953146e+00 3.891112156779953146e+00 5.616174676364363627e+00 5.616174676364363627e+00
2.770000000000000000e+02 1.397932099715986975e+00 1.397932099715987864e+00 3.950310994965286593e+00 3.950310994965286593e+00 5.732689890214585304e+00 5.732689890214585304e+00
2.780000000000000000e+02 1.399655094696741431e+00 1.399655094696741431e+00 4.007437079772210531e+00 4.007437079772210531e+00 5.845219064847679391e+00 5.845219064847679391e+00
2.790000000000000000e+02 1.401233393740365596e+00 1.401233393740365596e+00 4.062434034651933423e+00 4.062434034651933423e+00 5.953634675563501233e+00 5.953634675563501233e+00
2.800000000000000000e+02 1.402679837018895093e+00 1.402679837018895537e+00 4.115247584249852153e+00 4.115247584249852153e+00 6.057815331480808752e+00 6.057815331480809640e+00
2.810000000000000000e+02 1.404005621826797778e+00 1.404005621826798222e+00 4.165825607968773880e+00 4.165825607968773880e+00 6.157645594110748632e+00 6.157645594110748632e+00
2.820000000000000000e+02 1.405220540320703648e+00 1.405220540320703648e+00 4.214118191405642477e+00 4.214118191405642477e+00 6.253015842490581733e+00 6.253015842490581733e+00
2.830000000000000000e+02 1.406333176380972994e+00 1.406333176380972994e+00 4.260077675611042558e+00 4.260077675611042558e+00 6.343822174841111661e+00 6.343822174841111661e+00
2.840000000000000000e+02 1.407351069379980224e+00 1.407351069379980224e+00 4.303658704122818257e+00 4.303658704122818257e+00 6.429966338865655828e+00 6.429966338865655828e+00
2.850000000000000000e+02 1.408280850994825029e+00 1.408280850994825029e+00 4.344818267727430516e+00 4.344818267727430516e+00 6.511355684460035320e+00 6.511355684460035320e+00
2.860000000000000000e+02 1.409128359931853147e+00 1.409128359931854035e+00 4.383515746904855348e+00 4.383515746904855348e+00 6.587903133877855311e+00 6.587903133877855311e+00
2.870000000000000000e+02 1.409898738443941868e+00 1.409898738443942756e+00 4.419712951915147237e+00 4.419712951915147237e+00 6.659527165386350589e+00 6.659527165386351477e+00
2.880000000000000000e+02 1.410596513750655312e+00 1.410596513750655756e+00 4.453374160487104660e+00 4.453374160487104660e+00 6.726151807223551771e+00 6.726151807223551771e+00
2.890000000000000000e+02 1.411225666865082884e+00 1.411225666865083328e+00 4.484466153071831940e+00 4.484466153071831940e+00 6.787706639278580312e+00 6.787706639278580312e+00
2.900000000000000000e+02 1.411789690851194434e+00 1.411789690851194434e+00 4.512958245626430553e+00 4.512958245626430553e+00 6.844126800401666877e+00 6.844126800401666877e+00
2.910000000000000000e+02 1.412291640153209071e+00 1.412291640153209515e+00 4.538822319895441382e+00 4.538822319895441382e+00 6.895352999637671232e+00 6.895352999637671232e+00
2.920000000000000000e+02 1.412734172331855831e+00 1.412734172331855831e+00 4.562032851160166658e+00 4.562032851160166658e+00 6.941331529988477911e+00 6.941331529988477911e+00
2.930000000000000000e+02 1.413119583294753179e+00 1.413119583294754289e+00 4.582566933428492639e+00 4.582566933428492639e+00 6.982014283562230084e+00 6.982014283562230972e+00
2.940000000000000000e+02 1.413449836906758961e+00 1.413449836906759405e+00 4.600404302040328020e+00 4.600404302040328020e+00 7.017358767173897505e+00 7.017358767173897505e+00
2.950000000000000000e+02 1.413726589700817993e+00 1.413726589700818437e+00 4.615527353666385224e+00 4.615527353666385224e+00 7.047328117631952438e+00 7.047328117631952438e+00
2.960000000000000000e+02 1.413951211273083652e+00 1.413951211273083652e+00 4.627921163680538186e+00 4.627921163680538186e+00 7.071891116087993368e+00 7.071891116087993368e+00
2.970000000000000000e+02 1.414124800831414452e+00 1.414124800831414897e+00 4.637573500888624523e+00 4.637573500888624523e+00 7.091022200945833021e+00 7.091022200945833021e+00
2.980000000000000000e+02 1.414248200269218714e+00 1.414248200269218714e+00 4.644474839599160632e+00 4.644474839599160632e+00 7.104701478929101199e+00 7.104701478929101199e+00
2.990000000000000000e+02 1.414322004052718462e+00 1.414322004052720017e+00 4.648618369024048569e+00 4.648618369024048569e+00 7.112914733995376437e+00 7.112914733995376437e+00
