0.000000000000000000e+00 1.615959698755787377e+00 1.615959698755787599e+00 1.840000000000000080e+00 1.840000000000000080e+00 3.204040301244212685e+00 3.204040301244212685e+00
1.000000000000000000e+00 1.615929061221280438e+00 1.615929061221280882e+00 1.839842099317034130e+00 1.839842099317034130e+00 3.203755137412787057e+00 3.203755137412787501e+00
2.000000000000000000e+00 1.615837112831816302e+00 1.615837112831816302e+00 1.839368553097046943e+00 1.839368553097046943e+00 3.202899993362277709e+00 3.202899993362277709e+00
3.000000000000000000e+00 1.615683746208190330e+00 1.615683746208190552e+00 1.838579828672985750e+00 1.838579828672985750e+00 3.201475911137781072e+00 3.201475911137781072e+00
4.000000000000000000e+00 1.615468782314426033e+00 1.615468782314426255e+00 1.837476704420632823e+00 1.837476704420632823e+00 3.199484626526839293e+00 3.199484626526839737e+00
5.000000000000000000e+00 1.615191970353941686e+00 1.615191970353941908e+00 1.836060268990444166e+00 1.836060268990444166e+00 3.196928567626946549e+00 3.196928567626946549e+00
6.000000000000000000e+00 1.614852987628444092e+00 1.614852987628444092e+00 1.834331920233180480e+00 1.834331920233180480e+00 3.193810852837916769e+00 3.193810852837916769e+00
7.000000000000000000e+00 1.614451439363903340e+00 1.614451439363903340e+00 1.832293363820399312e+00 1.832293363820399312e+00 3.190135288276895409e+00 3.190135288276895409e+00
8.000000000000000000e+00 1.613986858509271149e+00 1.613986858509271372e+00 1.829946611561162007e+00 1.829946611561162007e+00 3.185906364613052766e+00 3.185906364613053210e+00
9.000000000000000000e+00 1.613458705515056879e+00 1.613458705515057323e+00 1.827293979416621861e+00 1.827293979416621861e+00 3.181129253318186301e+00 3.181129253318186745e+00
1.000000000000000000e+01 1.612866368100358772e+00 1.612866368100358772e+00 1.824338085214449068e+00 1.824338085214449068e+00 3.175809802328539266e+00 3.175809802328539710e+00
1.100000000000000000e+01 1.612209161018594683e+00 1.612209161018594905e+00 1.821081846065352172e+00 1.821081846065352172e+00 3.169954531112109564e+00 3.169954531112110008e+00
1.200000000000000000e+01 1.611486325833920041e+00 1.611486325833920263e+00 1.817528475484240458e+00 1.817528475484240458e+00 3.163570625134560554e+00 3.163570625134560999e+00
1.300000000000000000e+01 1.610697030722231027e+00 1.610697030722231027e+00 1.813681480218874098e+00 1.813681480218874098e+00 3.156665929715516405e+00 3.156665929715516850e+00
1.400000000000000000e+01 1.609840370312706881e+00 1.609840370312707103e+00 1.809544656789126238e+00 1.809544656789126238e+00 3.149248943265545275e+00 3.149248943265545719e+00
1.500000000000000000e+01 1.608915365588121205e+00 1.608915365588121205e+00 1.805122087740277825e+00 1.805122087740277825e+00 3.141328809892434570e+00 3.141328809892434570e+00
1.600000000000000000e+01 1.607920963864580610e+00 1.607920963864580832e+00 1.800418137614036462e+00 1.800418137614036462e+00 3.132915311363491995e+00 3.132915311363491995e+00
1.700000000000000000e+01 1.606856038874046710e+00 1.606856038874046932e+00 1.795437448641261868e+00 1.795437448641261868e+00 3.124018858408477151e+00 3.124018858408477151e+00
1.800000000000000000e+01 1.605719390975879790e+00 1.605719390975879790e+00 1.790184936160644780e+00 1.790184936160644780e+00 3.114650481345409894e+00 3.114650481345409894e+00
1.900000000000000000e+01 1.604509747526808194e+00 1.604509747526808416e+00 1.784665783767859670e+00 1.784665783767859670e+00 3.104821820008911271e+00 3.104821820008911271e+00
2.000000000000000000e+01 1.603225763442130081e+00 1.603225763442130747e+00 1.778885438199983238e+00 1.778885438199983238e+00 3.094545112957835631e+00 3.094545112957836075e+00
2.100000000000000000e+01 1.601866021984626354e+00 1.601866021984626798e+00 1.772849603960220843e+00 1.772849603960220843e+00 3.083833185935814569e+00 3.083833185935814569e+00
2.200000000000000000e+01 1.600429035821590684e+00 1.600429035821591128e+00 1.766564237688252659e+00 1.766564237688252659e+00 3.072699439554913869e+00 3.072699439554914314e+00
2.300000000000000000e+01 1.598913248394595144e+00 1.598913248394595366e+00 1.760035542281747079e+00 1.760035542281747079e+00 3.061157836168898694e+00 3.061157836168899138e+00
2.400000000000000000e+01 1.597317035651048212e+00 1.597317035651048656e+00 1.753269960774851643e+00 1.753269960774851643e+00 3.049222885898654312e+00 3.049222885898654312e+00
2.500000000000000000e+01 1.595638708191278177e+00 1.595638708191278399e+00 1.746274169979695090e+00 1.746274169979695090e+00 3.036909631768112128e+00 3.036909631768112128e+00
2.600000000000000000e+01 1.593876513889755042e+00 1.593876513889755708e+00 1.739055073897180392e+00 1.739055073897180392e+00 3.024233633904605867e+00 3.024233633904605867e+00
2.700000000000000000e+01 1.592028641054095139e+00 1.592028641054095139e+00 1.731619796903568487e+00 1.731619796903568487e+00 3.011210952753041958e+00 3.011210952753041958e+00
2.800000000000000000e+01 1.590093222190599453e+00 1.590093222190600120e+00 1.723975676719580630e+00 1.723975676719580630e+00 2.997858131248561264e+00 2.997858131248561264e+00
2.900000000000000000e+01 1.588068338450212336e+00 1.588068338450212558e+00 1.716130257168952511e+00 1.716130257168952511e+00 2.984192175887693033e+00 2.984192175887693033e+00
3.000000000000000000e+01 1.585952024833811258e+00 1.585952024833811480e+00 1.708091280733591288e+00 1.708091280733591288e+00 2.970230536633371443e+00 2.970230536633371443e+00
3.100000000000000000e+01 1.583742276240569513e+00 1.583742276240569735e+00 1.699866680912681893e+00 1.699866680912681893e+00 2.955991085584794398e+00 2.955991085584794842e+00
3.200000000000000000e+01 1.581437054447529134e+00 1.581437054447529134e+00 1.691464574393278797e+00 1.691464574393278797e+00 2.941492094339028363e+00 2.941492094339028363e+00
3.300000000000000000e+01 1.579034296112433511e+00 1.579034296112433733e+00 1.682893253040118831e+00 1.682893253040118831e+00 2.926752209967804053e+00 2.926752209967804053e+00
3.400000000000000000e+01 1.576531921894902988e+00 1.576531921894903210e+00 1.674161175712548966e+00 1.674161175712548966e+00 2.911790429530194846e+00 2.911790429530195290e+00
3.500000000000000000e+01 1.573927846793121477e+00 1.573927846793121921e+00 1.665276959916655031e+00 1.665276959916655031e+00 2.896626073040188487e+00 2.896626073040188931e+00
3.600000000000000000e+01 1.571219991793860293e+00 1.571219991793860515e+00 1.656249373300823224e+00 1.656249373300823224e+00 2.881278754807786058e+00 2.881278754807786058e+00
3.700000000000000000e+01 1.568406296932742361e+00 1.568406296932742805e+00 1.647087325003129710e+00 1.647087325003129710e+00 2.865768353073516295e+00 2.865768353073516739e+00
3.800000000000000000e+01 1.565484735858629239e+00 1.565484735858629239e+00 1.637799856859097014e+00 1.637799856859097014e+00 2.850114977859564913e+00 2.850114977859564913e+00
3.900000000000000000e+01 1.562453331990631078e+00 1.562453331990631744e+00 1.628396134478493185e+00 1.628396134478493185e+00 2.834338936966354527e+00 2.834338936966354972e+00
4.000000000000000000e+01 1.559310176348001065e+00 1.559310176348001287e+00 1.618885438199983318e+00 1.618885438199983318e+00 2.818460700051965251e+00 2.818460700051965695e+00
4.100000000000000000e+01 1.556053447121643618e+00 1.556053447121644284e+00 1.609277153932553439e+00 1.609277153932553439e+00 2.802500860743463384e+00 2.802500860743463384e+00
4.200000000000000000e+01 1.552681431040855209e+00 1.552681431040855875e+00 1.599580763892753499e+00 1.599580763892753499e+00 2.786480096744651025e+00 2.786480096744651469e+00
4.300000000000000000e+01 1.549192546569600815e+00 1.549192546569601037e+00 1.589805837246893505e+00 1.589805837246893505e+00 2.770419127924185876e+00 2.770419127924186320e+00
4.400000000000000000e+01 1.545585368942964388e+00 1.545585368942964832e+00 1.579962020667431855e+00 1.579962020667431855e+00 2.754338672391898335e+00 2.754338672391899223e+00
4.500000000000000000e+01 1.541858657026021762e+00 1.541858657026022428e+00 1.570059028812873736e+00 1.570059028812873736e+00 2.738259400599724280e+00 2.738259400599725168e+00
4.600000000000000000e+01 1.538011381944050404e+00 1.538011381944050626e+00 1.560106634740577425e+00 1.560106634740577425e+00 2.722201887537104348e+00 2.722201887537104792e+00
4.700000000000000000e+01 1.534042757394773915e+00 1.534042757394774137e+00 1.550114660261924682e+00 1.550114660261924682e+00 2.706186563129075129e+00 2.706186563129075573e+00
4.800000000000000000e+01 1.529952271510335304e+00 1.529952271510335304e+00 1.540092966249380302e+00 1.540092966249380302e+00 2.690233660988425424e+00 2.690233660988425868e+00
4.900000000000000000e+01 1.525739720089182905e+00 1.525739720089183571e+00 1.530051442905000947e+00 1.530051442905000947e+00 2.674363165720818891e+00 2.674363165720819335e+00
5.000000000000000000e+01 1.520000000000000018e+00 1.520000000000000018e+00 1.521405240966819727e+00 1.521405240966820172e+00 2.658594759033179766e+00 2.658594759033180210e+00
5.100000000000000000e+01 1.509948557094998867e+00 1.509948557094998867e+00 1.516949349240074962e+00 1.516949349240075184e+00 2.642947764949922895e+00 2.642947764949922895e+00
5.200000000000000000e+01 1.499907033750619734e+00 1.499907033750619734e+00 1.512372973003569543e+00 1.512372973003569765e+00 2.627441094497669827e+00 2.627441094497669827e+00
5.300000000000000000e+01 1.489885339738075354e+00 1.489885339738075354e+00 1.507677489200744070e+00 1.507677489200744292e+00 2.612093190275406318e+00 2.612093190275406762e+00
5.400000000000000000e+01 1.479893365259422611e+00 1.479893365259422611e+00 1.502864759136996353e+00 1.502864759136996353e+00 2.596921971381848770e+00 2.596921971381848770e+00
5.500000000000000000e+01 1.469940971187126078e+00 1.469940971187126078e+00 1.497937163151196183e+00 1.497937163151196627e+00 2.581944779223055431e+00 2.581944779223055875e+00
5.600000000000000000e+01 1.460037979332567959e+00 1.460037979332567959e+00 1.492897633896326015e+00 1.492897633896326237e+00 2.567178324768809805e+00 2.567178324768810249e+00
5.700000000000000000e+01 1.450194162753106308e+00 1.450194162753106308e+00 1.487749687642575758e+00 1.487749687642576424e+00 2.552638637863635651e+00 2.552638637863636539e+00
5.800000000000000000e+01 1.440419236107246537e+00 1.440419236107246537e+00 1.482497452989337772e+00 1.482497452989338216e+00 2.538341019225154316e+00 2.538341019225154760e+00
5.900000000000000000e+01 1.430722846067446596e+00 1.430722846067446596e+00 1.477145696358387328e+00 1.477145696358387550e+00 2.524299995776505767e+00 2.524299995776506655e+00
6.000000000000000000e+01 1.421114561800016718e+00 1.421114561800016718e+00 1.471699843641189887e+00 1.471699843641190109e+00 2.510529279958843230e+00 2.510529279958843674e+00
6.100000000000000000e+01 1.411603865521506629e+00 1.411603865521506629e+00 1.466165997390298958e+00 1.466165997390299403e+00 2.497041733652713535e+00 2.497041733652713980e+00
6.200000000000000000e+01 1.402200143140903021e+00 1.402200143140903021e+00 1.460550948979315589e+00 1.460550948979315811e+00 2.483849337302490579e+00 2.483849337302490579e+00
6.300000000000000000e+01 1.392912674996870104e+00 1.392912674996870104e+00 1.454862185208258607e+00 1.454862185208258829e+00 2.470963164785481503e+00 2.470963164785481947e+00
6.400000000000000000e+01 1.383750626699176811e+00 1.383750626699176811e+00 1.449107888901098429e+00 1.449107888901098429e+00 2.458393364497255096e+00 2.458393364497255540e+00
6.500000000000000000e+01 1.374723040083345005e+00 1.374723040083345005e+00 1.443296933128425774e+00 1.443296933128425774e+00 2.446149147038264360e+00 2.446149147038264360e+00
6.600000000000000000e+01 1.365838824287451070e+00 1.365838824287451070e+00 1.437438868788813107e+00 1.437438868788813329e+00 2.434238779786088713e+00 2.434238779786088713e+00
6.700000000000000000e+01 1.357106746959881205e+00 1.357106746959881205e+00 1.431543905394539351e+00 1.431543905394539795e+00 2.422669588525223183e+00 2.422669588525223183e+00
6.800000000000000000e+01 1.348535425606721017e+00 1.348535425606721017e+00 1.425622885027594045e+00 1.425622885027594045e+00 2.411447966185848113e+00 2.411447966185848113e+00
6.900000000000000000e+01 1.340133319087318142e+00 1.340133319087318142e+00 1.419687249556296216e+00 1.419687249556296216e+00 2.400579388618340193e+00 2.400579388618340193e+00
7.000000000000000000e+01 1.331908719266408747e+00 1.331908719266408747e+00 1.413749001327183397e+00 1.413749001327183619e+00 2.390068437205633778e+00 2.390068437205633778e+00
7.100000000000000000e+01 1.323869742831047525e+00 1.323869742831047525e+00 1.407820657666771336e+00 1.407820657666771336e+00 2.379918827995323838e+00 2.379918827995323838e+00
7.200000000000000000e+01 1.316024323280419184e+00 1.316024323280419184e+00 1.401915199639189646e+00 1.401915199639189868e+00 2.370133446921648623e+00 2.370133446921649067e+00
7.300000000000000000e+01 1.308380203096431327e+00 1.308380203096431327e+00 1.396046015604787582e+00 1.396046015604788026e+00 2.360714390588073641e+00 2.360714390588074529e+00
7.400000000000000000e+01 1.300944926102819643e+00 1.300944926102819643e+00 1.390226840208494075e+00 1.390226840208494741e+00 2.351663011997144004e+00 2.351663011997144892e+00
7.500000000000000000e+01 1.293725830020304723e+00 1.293725830020304723e+00 1.384471689492552171e+00 1.384471689492552171e+00 2.342979970548057622e+00 2.342979970548058066e+00
7.600000000000000000e+01 1.286730039225148170e+00 1.286730039225148170e+00 1.378794792874770581e+00 1.378794792874771025e+00 2.334665285575524329e+00 2.334665285575525662e+00
7.700000000000000000e+01 1.279964457718252957e+00 1.279964457718252957e+00 1.373210522760003993e+00 1.373210522760004215e+00 2.326718392676502045e+00 2.326718392676502045e+00
7.800000000000000000e+01 1.273435762311747377e+00 1.273435762311747377e+00 1.367733322559429698e+00 1.367733322559429698e+00 2.319138202064064735e+00 2.319138202064065624e+00
7.900000000000000000e+01 1.267150396039778970e+00 1.267150396039778970e+00 1.362377633880554884e+00 1.362377633880555106e+00 2.311923158199002959e+00 2.311923158199003403e+00
8.000000000000000000e+01 1.261114561800016798e+00 1.261114561800016798e+00 1.357157823622355819e+00 1.357157823622355819e+00 2.305071299977678123e+00 2.305071299977678123e+00
8.100000000000000000e+01 1.255334216232140143e+00 1.255334216232140143e+00 1.352088111667057557e+00 1.352088111667057557e+00 2.298580320797222853e+00 2.298580320797222853e+00
8.200000000000000000e+01 1.249815063839355256e+00 1.249815063839355256e+00 1.347182499805390954e+00 1.347182499805391398e+00 2.292447627873319238e+00 2.292447627873319682e+00
8.300000000000000000e+01 1.244562551358737945e+00 1.244562551358737945e+00 1.342454702468677263e+00 1.342454702468677485e+00 2.286670400248797641e+00 2.286670400248798529e+00
8.400000000000000000e+01 1.239581862385963573e+00 1.239581862385963573e+00 1.337918079771757141e+00 1.337918079771757363e+00 2.281245645000170352e+00 2.281245645000170352e+00
8.500000000000000000e+01 1.234877912259722210e+00 1.234877912259722210e+00 1.333585573298439186e+00 1.333585573298439186e+00 2.276170251221005358e+00 2.276170251221005358e+00
8.600000000000000000e+01 1.230455343210873798e+00 1.230455343210873798e+00 1.329469644988420240e+00 1.329469644988420240e+00 2.271441041433327701e+00 2.271441041433327701e+00
8.700000000000000000e+01 1.226318519781125937e+00 1.226318519781125937e+00 1.325582219413850460e+00 1.325582219413850904e+00 2.267054820148400651e+00 2.267054820148401539e+00
8.800000000000000000e+01 1.222471524515759578e+00 1.222471524515759578e+00 1.321934629666840610e+00 1.321934629666841055e+00 2.263008419364678225e+00 2.263008419364678225e+00
8.900000000000000000e+01 1.218918153934647863e+00 1.218918153934647863e+00 1.318537567017739498e+00 1.318537567017739720e+00 2.259298740851556353e+00 2.259298740851556353e+00
9.000000000000000000e+01 1.215661914785550746e+00 1.215661914785550746e+00 1.315401034449168005e+00 1.315401034449168005e+00 2.255922795121933611e+00 2.255922795121933611e+00
9.100000000000000000e+01 1.212706020583378175e+00 1.212706020583378175e+00 1.312534304123247786e+00 1.312534304123248008e+00 2.252877737043508688e+00 2.252877737043509132e+00
9.200000000000000000e+01 1.210053388438838029e+00 1.210053388438838029e+00 1.309945878799710473e+00 1.309945878799710917e+00 2.250160898077965044e+00 2.250160898077965488e+00
9.300000000000000000e+01 1.207706636179600723e+00 1.207706636179600723e+00 1.307643457190643232e+00 1.307643457190643232e+00 2.247769815168557894e+00 2.247769815168558338e+00
9.400000000000000000e+01 1.205668079766819556e+00 1.205668079766819556e+00 1.305633903213408775e+00 1.305633903213408775e+00 2.245702256320230461e+00 2.245702256320230461e+00
9.500000000000000000e+01 1.203939731009555869e+00 1.203939731009555869e+00 1.303923219086381202e+00 1.303923219086381424e+00 2.243956242932730660e+00 2.243956242932730660e+00
9.600000000000000000e+01 1.202523295579366991e+00 1.202523295579366991e+00 1.302516522202024074e+00 1.302516522202024074e+00 2.242530068956710032e+00 2.242530068956710032e+00
9.700000000000000000e+01 1.201420171327014286e+00 1.201420171327014286e+00 1.301418025707871351e+00 1.301418025707871351e+00 2.241422316946157345e+00 2.241422316946157345e+00
9.800000000000000000e+01 1.200631446902953092e+00 1.200631446902953092e+00 1.300631022727409158e+00 1.300631022727409158e+00 2.240631871078497372e+00 2.240631871078497372e+00
9.900000000000000000e+01 1.200157900682965906e+00 1.200157900682965906e+00 1.300157874158896831e+00 1.300157874158896831e+00 2.240157927207035105e+00 2.240157927207035105e+00
1.000000000000000000e+02 1.199999999999999956e+00 1.199999999999999956e+00 1.300000000000000044e+00 1.300000000000000044e+00 2.240000000000000213e+00 2.240000000000000213e+00
1.010000000000000000e+02 1.199842099317034005e+00 1.199842099317034005e+00 1.299842072792965153e+00 1.299842072792965153e+00 2.239842125841103204e+00 2.239842125841103204e+00
1.020000000000000000e+02 1.199368553097046819e+00 1.199368553097046819e+00 1.299368128921502885e+00 1.299368128921503107e+00 2.239368977272591099e+00 2.239368977272591099e+00
1.030000000000000000e+02 1.198579828672985403e+00 1.198579828672985403e+00 1.298577683053842691e+00 1.298577683053842691e+00 2.238581974292128685e+00 2.238581974292128685e+00
1.040000000000000000e+02 1.197476704420632920e+00 1.197476704420632920e+00 1.297469931043290226e+00 1.297469931043290226e+00 2.237483477797975517e+00 2.237483477797975517e+00
1.050000000000000000e+02 1.196060268990444042e+00 1.196060268990444042e+00 1.296043757067269153e+00 1.296043757067269597e+00 2.236076780913618833e+00 2.236076780913618833e+00
1.060000000000000000e+02 1.194331920233180355e+00 1.194331920233180355e+00 1.294297743679769797e+00 1.294297743679769797e+00 2.234366096786591260e+00 2.234366096786591260e+00
1.070000000000000000e+02 1.192293363820398966e+00 1.192293363820398966e+00 1.292230184831441697e+00 1.292230184831441697e+00 2.232356542809356803e+00 2.232356542809356803e+00
1.080000000000000000e+02 1.189946611561161882e+00 1.189946611561161882e+00 1.289839101922034326e+00 1.289839101922034770e+00 2.230054121200288897e+00 2.230054121200289341e+00
1.090000000000000000e+02 1.187293979416621736e+00 1.187293979416621736e+00 1.287122262956491348e+00 1.287122262956491348e+00 2.227465695876752250e+00 2.227465695876752694e+00
1.100000000000000000e+02 1.184338085214449166e+00 1.184338085214449166e+00 1.284077204878066425e+00 1.284077204878066425e+00 2.224598965550832030e+00 2.224598965550832030e+00
1.110000000000000000e+02 1.181081846065352048e+00 1.181081846065352048e+00 1.280701259148443460e+00 1.280701259148443905e+00 2.221462432982260538e+00 2.221462432982260538e+00
1.120000000000000000e+02 1.177528475484240333e+00 1.177528475484240333e+00 1.276991580635321366e+00 1.276991580635321810e+00 2.218065370333158981e+00 2.218065370333158981e+00
1.130000000000000000e+02 1.173681480218873752e+00 1.173681480218873752e+00 1.272945179851598718e+00 1.272945179851598718e+00 2.214417780586149576e+00 2.214417780586149576e+00
1.140000000000000000e+02 1.169544656789126114e+00 1.169544656789126114e+00 1.268558958566672334e+00 1.268558958566672557e+00 2.210530355011580017e+00 2.210530355011580017e+00
1.150000000000000000e+02 1.165122087740277701e+00 1.165122087740277701e+00 1.263829748778994677e+00 1.263829748778994677e+00 2.206414426701560405e+00 2.206414426701560849e+00
1.160000000000000000e+02 1.160418137614036116e+00 1.160418137614036116e+00 1.258754354999829683e+00 1.258754354999829683e+00 2.202081920228243117e+00 2.202081920228243117e+00
1.170000000000000000e+02 1.155437448641261966e+00 1.155437448641261966e+00 1.253329599751201062e+00 1.253329599751201506e+00 2.197545297531321662e+00 2.197545297531322550e+00
1.180000000000000000e+02 1.150184936160644655e+00 1.150184936160644655e+00 1.247552372126680353e+00 1.247552372126680797e+00 2.192817500194608638e+00 2.192817500194609082e+00
1.190000000000000000e+02 1.144665783767859768e+00 1.144665783767859768e+00 1.241419679202776960e+00 1.241419679202776960e+00 2.187911888332942478e+00 2.187911888332942478e+00
1.200000000000000000e+02 1.138885438199983113e+00 1.138885438199983113e+00 1.234928700022322134e+00 1.234928700022322134e+00 2.182842176377644439e+00 2.182842176377644439e+00
1.210000000000000000e+02 1.132849603960220719e+00 1.132849603960220719e+00 1.228076841800996633e+00 1.228076841800996633e+00 2.177622366119445374e+00 2.177622366119445374e+00
1.220000000000000000e+02 1.126564237688252312e+00 1.126564237688252312e+00 1.220861797935934634e+00 1.220861797935934634e+00 2.172266677440570781e+00 2.172266677440570781e+00
1.230000000000000000e+02 1.120035542281746954e+00 1.120035542281746954e+00 1.213281607323497990e+00 1.213281607323498212e+00 2.166789477239996042e+00 2.166789477239996042e+00
1.240000000000000000e+02 1.113269960774851519e+00 1.113269960774851519e+00 1.205334714424474374e+00 1.205334714424474374e+00 2.161205207125228345e+00 2.161205207125229233e+00
1.250000000000000000e+02 1.106274169979695188e+00 1.106274169979695188e+00 1.197020029451942413e+00 1.197020029451942413e+00 2.155528310507448086e+00 2.155528310507448086e+00
1.260000000000000000e+02 1.099055073897180268e+00 1.099055073897180268e+00 1.188336988002855144e+00 1.188336988002855144e+00 2.149773159791505961e+00 2.149773159791505961e+00
1.270000000000000000e+02 1.091619796903568584e+00 1.091619796903568584e+00 1.179285609411925506e+00 1.179285609411925506e+00 2.143953984395211787e+00 2.143953984395211787e+00
1.280000000000000000e+02 1.083975676719580505e+00 1.083975676719580505e+00 1.169866553078350968e+00 1.169866553078350968e+00 2.138084800360810611e+00 2.138084800360810611e+00
1.290000000000000000e+02 1.076130257168952387e+00 1.076130257168952387e+00 1.160081172004676198e+00 1.160081172004676198e+00 2.132179342333229144e+00 2.132179342333229144e+00
1.300000000000000000e+02 1.068091280733591386e+00 1.068091280733591386e+00 1.149931562794365814e+00 1.149931562794365814e+00 2.126250998672817083e+00 2.126250998672817083e+00
1.310000000000000000e+02 1.059866680912681769e+00 1.059866680912681769e+00 1.139420611381659620e+00 1.139420611381659620e+00 2.120312750443703820e+00 2.120312750443703820e+00
1.320000000000000000e+02 1.051464574393278895e+00 1.051464574393278895e+00 1.128552033814151478e+00 1.128552033814151478e+00 2.114377114972406435e+00 2.114377114972406435e+00
1.330000000000000000e+02 1.042893253040118706e+00 1.042893253040118706e+00 1.117330411474776630e+00 1.117330411474776852e+00 2.108456094605460684e+00 2.108456094605460684e+00
1.340000000000000000e+02 1.034161175712548841e+00 1.034161175712548841e+00 1.105761220213911100e+00 1.105761220213911100e+00 2.102561131211186485e+00 2.102561131211186929e+00
1.350000000000000000e+02 1.025276959916654906e+00 1.025276959916654906e+00 1.093850852961735676e+00 1.093850852961735676e+00 2.096703066871574261e+00 2.096703066871574261e+00
1.360000000000000000e+02 1.016249373300823100e+00 1.016249373300823100e+00 1.081606635502744718e+00 1.081606635502744718e+00 2.090892111098901829e+00 2.090892111098901829e+00
1.370000000000000000e+02 1.007087325003129585e+00 1.007087325003129585e+00 1.069036835214518089e+00 1.069036835214518089e+00 2.085137814791741651e+00 2.085137814791741651e+00
1.380000000000000000e+02 9.977998568590967787e-01 9.977998568590967787e-01 1.056150662697509457e+00 1.056150662697509679e+00 2.079449051020684447e+00 2.079449051020684447e+00
1.390000000000000000e+02 9.883961344784930603e-01 9.883961344784930603e-01 1.042958266347285834e+00 1.042958266347285834e+00 2.073834002609701077e+00 2.073834002609701077e+00
1.400000000000000000e+02 9.788854381999830823e-01 9.788854381999830823e-01 1.029470720041156362e+00 1.029470720041156362e+00 2.068300156358810149e+00 2.068300156358810149e+00
1.410000000000000000e+02 9.692771539325533148e-01 9.692771539325533148e-01 1.015700004223494046e+00 1.015700004223494046e+00 2.062854303641612930e+00 2.062854303641612930e+00
1.420000000000000000e+02 9.595807638927533745e-01 9.595807638927533745e-01 1.001658980774845054e+00 1.001658980774845498e+00 2.057502547010662042e+00 2.057502547010662042e+00
1.430000000000000000e+02 9.498058372468934918e-01 9.498058372468934918e-01 9.873613621363633852e-01 9.873613621363633852e-01 2.052250312357423834e+00 2.052250312357423834e+00
1.440000000000000000e+02 9.399620206674317302e-01 9.399620206674317302e-01 9.728216752311900084e-01 9.728216752311904525e-01 2.047102366103673798e+00 2.047102366103673798e+00
1.450000000000000000e+02 9.300590288128737226e-01 9.300590288128737226e-01 9.580552207769442719e-01 9.580552207769442719e-01 2.042062836848803631e+00 2.042062836848803631e+00
1.460000000000000000e+02 9.201066347405773005e-01 9.201066347405773005e-01 9.430780286181510430e-01 9.430780286181511540e-01 2.037135240863003460e+00 2.037135240863003460e+00
1.470000000000000000e+02 9.101146602619244463e-01 9.101146602619244463e-01 9.279068097245930513e-01 9.279068097245934954e-01 2.032322510799255966e+00 2.032322510799255966e+00
1.480000000000000000e+02 9.000929662493801775e-01 9.000929662493801775e-01 9.125589055023297647e-01 9.125589055023300977e-01 2.027627026996430715e+00 2.027627026996430715e+00
1.490000000000000000e+02 8.900514429050009335e-01 8.900514429050009335e-01 8.970522350500772513e-01 8.970522350500772513e-01 2.023050650759925073e+00 2.023050650759925073e+00
1.500000000000000000e+02 8.799999999999998934e-01 8.799999999999998934e-01 8.814052409668199362e-01 8.814052409668202692e-01 2.018594759033180086e+00 2.018594759033180530e+00
1.510000000000000000e+02 8.656368342791807002e-01 8.656368342791808113e-01 8.699485570949988533e-01 8.699485570949988533e-01 2.014260279910817353e+00 2.014260279910817353e+00
1.520000000000000000e+02 8.497663390115741677e-01 8.497663390115743898e-01 8.599070337506196093e-01 8.599070337506196093e-01 2.010047728489665175e+00 2.010047728489665175e+00
1.530000000000000000e+02 8.338134368709246846e-01 8.338134368709247957e-01 8.498853397380753405e-01 8.498853397380753405e-01 2.005957242605226121e+00 2.005957242605226121e+00
1.540000000000000000e+02 8.177981124628950216e-01 8.177981124628952436e-01 8.398933652594224863e-01 8.398933652594224863e-01 2.001988618055949853e+00 2.001988618055950298e+00
1.550000000000000000e+02 8.017405994002744229e-01 8.017405994002746450e-01 8.299409711871259532e-01 8.299409711871259532e-01 1.998141342973977830e+00 1.998141342973978052e+00
1.560000000000000000e+02 7.856613276081008124e-01 7.856613276081009234e-01 8.200379793325679456e-01 8.200379793325679456e-01 1.994414631057035425e+00 1.994414631057035425e+00
1.570000000000000000e+02 7.695808720758139376e-01 7.695808720758141597e-01 8.101941627531062950e-01 8.101941627531062950e-01 1.990807453430398777e+00 1.990807453430399221e+00
1.580000000000000000e+02 7.535199032553486775e-01 7.535199032553487886e-01 8.004192361072463013e-01 8.004192361072463013e-01 1.987318568959144161e+00 1.987318568959144383e+00
1.590000000000000000e+02 7.374991392565366510e-01 7.374991392565372061e-01 7.907228460674464721e-01 7.907228460674464721e-01 1.983946552878356417e+00 1.983946552878356639e+00
1.600000000000000000e+02 7.215392999480345626e-01 7.215392999480347846e-01 7.811145618000167046e-01 7.811145618000167046e-01 1.980689823651998971e+00 1.980689823651999193e+00
1.610000000000000000e+02 7.056610630336452861e-01 7.056610630336452861e-01 7.716038655215066155e-01 7.716038655215066155e-01 1.977546668009368291e+00 1.977546668009368291e+00
1.620000000000000000e+02 6.898850221404346783e-01 6.898850221404351224e-01 7.622001431409028971e-01 7.622001431409028971e-01 1.974515264141370796e+00 1.974515264141370796e+00
1.630000000000000000e+02 6.742316469264831857e-01 6.742316469264832968e-01 7.529126749968700905e-01 7.529126749968700905e-01 1.971593703067257231e+00 1.971593703067257231e+00
1.640000000000000000e+02 6.587212451922139778e-01 6.587212451922141998e-01 7.437506266991766868e-01 7.437506266991766868e-01 1.968780008206139520e+00 1.968780008206139520e+00
1.650000000000000000e+02 6.433739269598113264e-01 6.433739269598115484e-01 7.347230400833448805e-01 7.347230400833448805e-01 1.966072153206878781e+00 1.966072153206879003e+00
1.660000000000000000e+02 6.282095704698049676e-01 6.282095704698050787e-01 7.258388242874509455e-01 7.258388242874509455e-01 1.963468078105096826e+00 1.963468078105097048e+00
1.670000000000000000e+02 6.132477900321954278e-01 6.132477900321957609e-01 7.171067469598810806e-01 7.171067469598810806e-01 1.960965703887566747e+00 1.960965703887566747e+00
1.680000000000000000e+02 5.985079056609714510e-01 5.985079056609716730e-01 7.085354256067208922e-01 7.085354256067208922e-01 1.958562945552470680e+00 1.958562945552470902e+00
1.690000000000000000e+02 5.840089144152056377e-01 5.840089144152058598e-01 7.001333190873180179e-01 7.001333190873180179e-01 1.956257723759430744e+00 1.956257723759430744e+00
1.700000000000000000e+02 5.697694633666285924e-01 5.697694633666287034e-01 6.919087192664085117e-01 6.919087192664085117e-01 1.954047975166188778e+00 1.954047975166188778e+00
1.710000000000000000e+02 5.558078241123072250e-01 5.558078241123075580e-01 6.838697428310474002e-01 6.838697428310474002e-01 1.951931661549787922e+00 1.951931661549787922e+00
1.720000000000000000e+02 5.421418687514385493e-01 5.421418687514387713e-01 6.760243232804191704e-01 6.760243232804191704e-01 1.949906777809399916e+00 1.949906777809399916e+00
1.730000000000000000e+02 5.287890472469579661e-01 5.287890472469580772e-01 6.683802030964312024e-01 6.683802030964312024e-01 1.947971358945904896e+00 1.947971358945904896e+00
1.740000000000000000e+02 5.157663660953941687e-01 5.157663660953946128e-01 6.609449261028195188e-01 6.609449261028195188e-01 1.946123486110244993e+00 1.946123486110245215e+00
1.750000000000000000e+02 5.030903682318879078e-01 5.030903682318880188e-01 6.537258300203047101e-01 6.537258300203047101e-01 1.944361291808721859e+00 1.944361291808721859e+00
1.760000000000000000e+02 4.907771141013452243e-01 4.907771141013453353e-01 6.467300392251481567e-01 6.467300392251481567e-01 1.942682964348951380e+00 1.942682964348951380e+00
1.770000000000000000e+02 4.788421638311008421e-01 4.788421638311013417e-01 6.399644577182528327e-01 6.399644577182528327e-01 1.941086751605404670e+00 1.941086751605404892e+00
1.780000000000000000e+02 4.673005604450853334e-01 4.673005604450856665e-01 6.334357623117472524e-01 6.334357623117472524e-01 1.939570964178409129e+00 1.939570964178409129e+00
1.790000000000000000e+02 4.561668140641849667e-01 4.561668140641850777e-01 6.271503960397789568e-01 6.271503960397789568e-01 1.938133978015373238e+00 1.938133978015373238e+00
1.800000000000000000e+02 4.454548870421641271e-01 4.454548870421644047e-01 6.211145618000166735e-01 6.211145618000166735e-01 1.936774236557869511e+00 1.936774236557869955e+00
1.810000000000000000e+02 4.351781799910885429e-01 4.351781799910889870e-01 6.153342162321400188e-01 6.153342162321400188e-01 1.935490252473191841e+00 1.935490252473192063e+00
1.820000000000000000e+02 4.253495186545900864e-01 4.253495186545904749e-01 6.098150638393551315e-01 6.098150638393551315e-01 1.934280609024120245e+00 1.934280609024120245e+00
1.830000000000000000e+02 4.159811415915227739e-01 4.159811415915230515e-01 6.045625513587378208e-01 6.045625513587378208e-01 1.933143961125953325e+00 1.933143961125953325e+00
1.840000000000000000e+02 4.070846886365077633e-01 4.070846886365078743e-01 5.995818623859635599e-01 5.995818623859635599e-01 1.932079036135419647e+00 1.932079036135419647e+00
1.850000000000000000e+02 3.986711901075650766e-01 3.986711901075653541e-01 5.948779122597220859e-01 5.948779122597220859e-01 1.931084634411879053e+00 1.931084634411879275e+00
1.860000000000000000e+02 3.907510567344543162e-01 3.907510567344544827e-01 5.904553432108736732e-01 5.904553432108736732e-01 1.930159629687293155e+00 1.930159629687293155e+00
1.870000000000000000e+02 3.833340702844829639e-01 3.833340702844832970e-01 5.863185197811259242e-01 5.863185197811259242e-01 1.929302969277768565e+00 1.929302969277769009e+00
1.880000000000000000e+02 3.764293748654391480e-01 3.764293748654392036e-01 5.824715245157594534e-01 5.824715245157594534e-01 1.928513674166079994e+00 1.928513674166079994e+00
1.890000000000000000e+02 3.700454688878899168e-01 3.700454688878901388e-01 5.789181539346477390e-01 5.789181539346477390e-01 1.927790838981405575e+00 1.927790838981405575e+00
1.900000000000000000e+02 3.641901976714606026e-01 3.641901976714606026e-01 5.756619147855507324e-01 5.756619147855507324e-01 1.927133631899641264e+00 1.927133631899641264e+00
1.910000000000000000e+02 3.588707466818130687e-01 3.588707466818134018e-01 5.727060205833780504e-01 5.727060205833780504e-01 1.926541294484942712e+00 1.926541294484942934e+00
1.920000000000000000e+02 3.540936353869467701e-01 3.540936353869470476e-01 5.700533884388379047e-01 5.700533884388379047e-01 1.926013141490729108e+00 1.926013141490729108e+00
1.930000000000000000e+02 3.498647117231045711e-01 3.498647117231046821e-01 5.677066361796007099e-01 5.677066361796007099e-01 1.925548560636097140e+00 1.925548560636097140e+00
1.940000000000000000e+02 3.461891471620827110e-01 3.461891471620832106e-01 5.656680797668194316e-01 5.656680797668194316e-01 1.925147012371555277e+00 1.925147012371556166e+00
1.950000000000000000e+02 3.430714323730531534e-01 3.430714323730533755e-01 5.639397310095557447e-01 5.639397310095557447e-01 1.924808029646058127e+00 1.924808029646058571e+00
1.960000000000000000e+02 3.405153734731604653e-01 3.405153734731606319e-01 5.625232955793669776e-01 5.625232955793669776e-01 1.924531217685573559e+00 1.924531217685574003e+00
1.970000000000000000e+02 3.385240888622189637e-01 3.385240888622190747e-01 5.614201713270142724e-01 5.614201713270142724e-01 1.924316253791809928e+00 1.924316253791809928e+00
1.980000000000000000e+02 3.371000066377221605e-01 3.371000066377224380e-01 5.606314469029529679e-01 5.606314469029529679e-01 1.924162887168183733e+00 1.924162887168183955e+00
1.990000000000000000e+02 3.362448625872119790e-01 3.362448625872124786e-01 5.601579006829657814e-01 5.601579006829657814e-01 1.924070938778718931e+00 1.924070938778719375e+00
2.000000000000000000e+02 3.359596987557869063e-01 3.359596987557872394e-01 5.599999999999998312e-01 5.599999999999998312e-01 1.924040301244212436e+00 1.924040301244212881e+00
2.010000000000000000e+02 3.365300154122464749e-01 3.365300154122466414e-01 5.603158013659317316e-01 5.603158013659317316e-01 1.924101587319617224e+00 1.924101587319617224e+00
2.020000000000000000e+02 3.382401382501745157e-01 3.382401382501749598e-01 5.612628938059061046e-01 5.612628938059061046e-01 1.924285649361637596e+00 1.924285649361637596e+00
2.030000000000000000e+02 3.410875851916784773e-01 3.410875851916784773e-01 5.628403426540287136e-01 5.628403426540287136e-01 1.924593100116379407e+00 1.924593100116379407e+00
2.040000000000000000e+02 3.450682171514809493e-01 3.450682171514809493e-01 5.650465911587341239e-01 5.650465911587341239e-01 1.925024965165987423e+00 1.925024965165987423e+00
2.050000000000000000e+02 3.501762345677784660e-01 3.501762345677784660e-01 5.678794620191118803e-01 5.678794620191118803e-01 1.925582689470445974e+00 1.925582689470445974e+00
2.060000000000000000e+02 3.564041724736683459e-01 3.564041724736685124e-01 5.713361595336390319e-01 5.713361595336390319e-01 1.926268146593609787e+00 1.926268146593610009e+00
2.070000000000000000e+02 3.637428940378528153e-01 3.637428940378530373e-01 5.754132723592018106e-01 5.754132723592018106e-01 1.927083650680550875e+00 1.927083650680550875e+00
2.080000000000000000e+02 3.721815824836495756e-01 3.721815824836500197e-01 5.801067768776759781e-01 5.801067768776759781e-01 1.928031971271702227e+00 1.928031971271702449e+00
2.090000000000000000e+02 3.817077312764649566e-01 3.817077312764649566e-01 5.854120411667564916e-01 5.854120411667564916e-01 1.929116351057048817e+00 1.929116351057048817e+00
2.100000000000000000e+02 3.923071324519888936e-01 3.923071324519888936e-01 5.913238295711016335e-01 5.913238295711016335e-01 1.930340526690214498e+00 1.930340526690214498e+00
2.110000000000000000e+02 4.039638629411637094e-01 4.039638629411640425e-01 5.978363078692956467e-01 5.978363078692956467e-01 1.931708752797427264e+00 1.931708752797427486e+00
2.120000000000000000e+02 4.166602687338881172e-01 4.166602687338883948e-01 6.049430490315190756e-01 6.049430490315190756e-01 1.933225829329149992e+00 1.933225829329149992e+00
2.130000000000000000e+02 4.303769467125811987e-01 4.303769467125813097e-01 6.126370395622520171e-01 6.126370395622520171e-01 1.934897132411923293e+00 1.934897132411923293e+00
2.140000000000000000e+02 4.450927239801532043e-01 4.450927239801535373e-01 6.209106864217475152e-01 6.209106864217475152e-01 1.936728648863342173e+00 1.936728648863342173e+00
2.150000000000000000e+02 4.607846345062625026e-01 4.607846345062626137e-01 6.297558245194445625e-01 6.297558245194445625e-01 1.938727014532627191e+00 1.938727014532627191e+00
2.160000000000000000e+02 4.774278929229611723e-01 4.774278929229612833e-01 6.391637247719272885e-01 6.391637247719272885e-01 1.940899556620893751e+00 1.940899556620893751e+00
2.170000000000000000e+02 4.949958653184941548e-01 4.949958653184941548e-01 6.491251027174760324e-01 6.491251027174760324e-01 1.943254340116458145e+00 1.943254340116458145e+00
2.180000000000000000e+02 5.134600369093967887e-01 5.134600369093970107e-01 6.596301276787104317e-01 6.596301276787104317e-01 1.945800218448024310e+00 1.945800218448024310e+00
2.190000000000000000e+02 5.327899765201671300e-01 5.327899765201672411e-01 6.706684324642804285e-01 6.706684324642804285e-01 1.948546888408393851e+00 1.948546888408393851e+00
2.200000000000000000e+02 5.529532978717378588e-01 5.529532978717384140e-01 6.822291236000335157e-01 6.822291236000335157e-01 1.951504949328328964e+00 1.951504949328329186e+00
2.210000000000000000e+02 5.739156177809190407e-01 5.739156177809192627e-01 6.943007920795580823e-01 6.943007920795580823e-01 1.954685966378197470e+00 1.954685966378197692e+00
2.220000000000000000e+02 5.956405115103539094e-01 5.956405115103542425e-01 7.068715246234948957e-01 7.068715246234948957e-01 1.958102537736635895e+00 1.958102537736636117e+00
2.230000000000000000e+02 6.180894656912786500e-01 6.180894656912787610e-01 7.199289154365058341e-01 7.199289154365058341e-01 1.961768365181733031e+00 1.961768365181733031e+00
2.240000000000000000e+02 6.412218294797290552e-01 6.412218294797293883e-01 7.334600784502967041e-01 7.334600784502967041e-01 1.965698327420863922e+00 1.965698327420864366e+00
2.250000000000000000e+02 6.649947649126629612e-01 6.649947649126634053e-01 7.474516600406095890e-01 7.474516600406095890e-01 1.969908555168555342e+00 1.969908555168555786e+00
2.260000000000000000e+02 6.893631978165803975e-01 6.893631978165808416e-01 7.618898522056392064e-01 7.618898522056392064e-01 1.974416506594697918e+00 1.974416506594697918e+00
2.270000000000000000e+02 7.142797711011391604e-01 7.142797711011392714e-01 7.767604061928627956e-01 7.767604061928627956e-01 1.979241041284586888e+00 1.979241041284587110e+00
2.280000000000000000e+02 7.396948028570791145e-01 7.396948028570793365e-01 7.920486465608387316e-01 7.920486465608387316e-01 1.984402490264598473e+00 1.984402490264598473e+00
2.290000000000000000e+02 7.655562523825175658e-01 7.655562523825176768e-01 8.077394856620950803e-01 8.077394856620950803e-01 1.989922718941672830e+00 1.989922718941672830e+00
2.300000000000000000e+02 7.918096980908768678e-01 7.918096980908768678e-01 8.238174385328173033e-01 8.238174385328173033e-01 1.995825178974757641e+00 1.995825178974757641e+00
2.310000000000000000e+02 8.183983322060042198e-01 8.183983322060044419e-01 8.402666381746362045e-01 8.402666381746362045e-01 2.002134944143268314e+00 2.002134944143268314e+00
2.320000000000000000e+02 8.452629782111316104e-01 8.452629782111316104e-01 8.570708512134422863e-01 8.570708512134422863e-01 2.008878724215753309e+00 2.008878724215753309e+00
2.330000000000000000e+02 8.723421381552266540e-01 8.723421381552267651e-01 8.742134939197626631e-01 8.742134939197626631e-01 2.016084849684299130e+00 2.016084849684299130e+00
2.340000000000000000e+02 8.916776485749023928e-01 8.916776485749023928e-01 8.995720780738608591e-01 8.995720780738609701e-01 2.023783219075943940e+00 2.023783219075944384e+00
2.350000000000000000e+02 9.094460801666899297e-01 9.094460801666899297e-01 9.268869608586274289e-01 9.268869608586276509e-01 2.032005199474752555e+00 2.032005199474752555e+00
2.360000000000000000e+02 9.275012533983535423e-01 9.275012533983535423e-01 9.542190367747388491e-01 9.542190367747388491e-01 2.040783470021968249e+00 2.040783470021968249e+00
2.370000000000000000e+02 9.458253499937405717e-01 9.458253499937405717e-01 9.814989022992579581e-01 9.814989022992581802e-01 2.050151797688223088e+00 2.050151797688223532e+00
2.380000000000000000e+02 9.644002862818060740e-01 9.644002862818060740e-01 1.008655837805082056e+00 1.008655837805082056e+00 2.060144734758530660e+00 2.060144734758530660e+00
2.390000000000000000e+02 9.832077310430136219e-01 9.832077310430136219e-01 1.035618233584343795e+00 1.035618233584344017e+00 2.070797228501683573e+00 2.070797228501683573e+00
2.400000000000000000e+02 1.002229123600033800e+00 1.002229123600033800e+00 1.062314111512714598e+00 1.062314111512714820e+00 2.082144135687353348e+00 2.082144135687353348e+00
2.410000000000000000e+02 1.021445692134893113e+00 1.021445692134893113e+00 1.088671746054562295e+00 1.088671746054562517e+00 2.094219638215224055e+00 2.094219638215224055e+00
2.420000000000000000e+02 1.040838472214492993e+00 1.040838472214492993e+00 1.114620383137707282e+00 1.114620383137707504e+00 2.107056561291278829e+00 2.107056561291278829e+00
2.430000000000000000e+02 1.060388325506212981e+00 1.060388325506212981e+00 1.140091048688404163e+00 1.140091048688404163e+00 2.120685602324021701e+00 2.120685602324021701e+00
2.440000000000000000e+02 1.080075958665136282e+00 1.080075958665136282e+00 1.165017430557356404e+00 1.165017430557356404e+00 2.135134486772916507e+00 2.135134486772916507e+00
2.450000000000000000e+02 1.099881942374252519e+00 1.099881942374252519e+00 1.189336808736680018e+00 1.189336808736680240e+00 2.150427076011824923e+00 2.150427076011824923e+00
2.460000000000000000e+02 1.119786730518845141e+00 1.119786730518845141e+00 1.212991000042096479e+00 1.212991000042096923e+00 2.166582460995594595e+00 2.166582460995594595e+00
2.470000000000000000e+02 1.139770679476151072e+00 1.139770679476151072e+00 1.235927275965281513e+00 1.235927275965281735e+00 2.183614082987020311e+00 2.183614082987020755e+00
2.480000000000000000e+02 1.159814067501239387e+00 1.159814067501239387e+00 1.258099207473706516e+00 1.258099207473706516e+00 2.201528927528773050e+00 2.201528927528773050e+00
2.490000000000000000e+02 1.179897114189998097e+00 1.179897114189998097e+00 1.279467389344841388e+00 1.279467389344841388e+00 2.220326839035155153e+00 2.220326839035155153e+00
2.500000000000000000e+02 1.199999999999999956e+00 1.199999999999999956e+00 1.299999999999999822e+00 1.300000000000000044e+00 2.240000000000000213e+00 2.240000000000000213e+00
2.510000000000000000e+02 1.220102885810002258e+00 1.220102885810002258e+00 1.319673160964845549e+00 1.319673160964845771e+00 2.260532610655158869e+00 2.260532610655158869e+00
2.520000000000000000e+02 1.240185932498760524e+00 1.240185932498760524e+00 1.338471072471227652e+00 1.338471072471227874e+00 2.281900792526294186e+00 2.281900792526294186e+00
2.530000000000000000e+02 1.260229320523849283e+00 1.260229320523849283e+00 1.356385917012979947e+00 1.356385917012980169e+00 2.304072724034718522e+00 2.304072724034718522e+00
2.540000000000000000e+02 1.280213269481154770e+00 1.280213269481154770e+00 1.373417539004406107e+00 1.373417539004406329e+00 2.327008999957904223e+00 2.327008999957904223e+00
2.550000000000000000e+02 1.300118057625747836e+00 1.300118057625747836e+00 1.389572923988174891e+00 1.389572923988175335e+00 2.350663191263320684e+00 2.350663191263320684e+00
2.560000000000000000e+02 1.319924041334864073e+00 1.319924041334864073e+00 1.404865513227083751e+00 1.404865513227083973e+00 2.374982569442644298e+00 2.374982569442644298e+00
2.570000000000000000e+02 1.339611674493787374e+00 1.339611674493787374e+00 1.419314397675978112e+00 1.419314397675978556e+00 2.399908951311596539e+00 2.399908951311596539e+00
2.580000000000000000e+02 1.359161527785507140e+00 1.359161527785507140e+00 1.432943438708721651e+00 1.432943438708721651e+00 2.425379616862292753e+00 2.425379616862292753e+00
2.590000000000000000e+02 1.378554307865106798e+00 1.378554307865106798e+00 1.445780361784775758e+00 1.445780361784776202e+00 2.451328253945437741e+00 2.451328253945437741e+00
2.600000000000000000e+02 1.397770876399966555e+00 1.397770876399966555e+00 1.457855864312647354e+00 1.457855864312647576e+00 2.477685888487285659e+00 2.477685888487285659e+00
2.610000000000000000e+02 1.416792268956986733e+00 1.416792268956986733e+00 1.469202771498316906e+00 1.469202771498316906e+00 2.504381766415656685e+00 2.504381766415656685e+00
2.620000000000000000e+02 1.435599713718193948e+00 1.435599713718193948e+00 1.479855265241469819e+00 1.479855265241470264e+00 2.531344162194918646e+00 2.531344162194918646e+00
2.630000000000000000e+02 1.454174650006259784e+00 1.454174650006259784e+00 1.489848202311777392e+00 1.489848202311777392e+00 2.558501097700742299e+00 2.558501097700742299e+00
2.640000000000000000e+02 1.472498746601646591e+00 1.472498746601646591e+00 1.499216529978031565e+00 1.499216529978031565e+00 2.585780963225261964e+00 2.585780963225261964e+00
2.650000000000000000e+02 1.490553919833309982e+00 1.490553919833309982e+00 1.507994800525247481e+00 1.507994800525247703e+00 2.613113039141372607e+00 2.613113039141372607e+00
2.660000000000000000e+02 1.508322351425097851e+00 1.508322351425097851e+00 1.516216780924056318e+00 1.516216780924056540e+00 2.640427921926140176e+00 2.640427921926140176e+00
2.670000000000000000e+02 1.523915150315701350e+00 1.523915150315701572e+00 1.525786506080237581e+00 1.525786506080237581e+00 2.667657861844774381e+00 2.667657861844774381e+00
2.680000000000000000e+02 1.531121275784246505e+00 1.531121275784247171e+00 1.542929148786557958e+00 1.542929148786557958e+00 2.694737021788868425e+00 2.694737021788869313e+00
2.690000000000000000e+02 1.537865055856731722e+00 1.537865055856731944e+00 1.559733361825363707e+00 1.559733361825363707e+00 2.721601667793995816e+00 2.721601667793995816e+00
2.700000000000000000e+02 1.544174821025242172e+00 1.544174821025242395e+00 1.576182561467182941e+00 1.576182561467182941e+00 2.748190301909123612e+00 2.748190301909123612e+00
2.710000000000000000e+02 1.550077281058327205e+00 1.550077281058327427e+00 1.592260514337904942e+00 1.592260514337904942e+00 2.774443747617482803e+00 2.774443747617482803e+00
2.720000000000000000e+02 1.555597509735401784e+00 1.555597509735402006e+00 1.607951353439161624e+00 1.607951353439161624e+00 2.800305197142921365e+00 2.800305197142921365e+00
2.730000000000000000e+02 1.560758958715412925e+00 1.560758958715413147e+00 1.623239593807137338e+00 1.623239593807137338e+00 2.825720228898861652e+00 2.825720228898861652e+00
2.740000000000000000e+02 1.565583493405302118e+00 1.565583493405302340e+00 1.638110147794360705e+00 1.638110147794360705e+00 2.850636802183419416e+00 2.850636802183419416e+00
2.750000000000000000e+02 1.570091444831444027e+00 1.570091444831444250e+00 1.652548339959390544e+00 1.652548339959390544e+00 2.875005235087336963e+00 2.875005235087336963e+00
2.760000000000000000e+02 1.574301672579135891e+00 1.574301672579136113e+00 1.666539921549703651e+00 1.666539921549703651e+00 2.898778170520271313e+00 2.898778170520271313e+00
2.770000000000000000e+02 1.578231634818267004e+00 1.578231634818267448e+00 1.680071084563494077e+00 1.680071084563494077e+00 2.921910534308721719e+00 2.921910534308722163e+00
2.780000000000000000e+02 1.581897462263364140e+00 1.581897462263364140e+00 1.693128475376505238e+00 1.693128475376505238e+00 2.944359488489645571e+00 2.944359488489646015e+00
2.790000000000000000e+02 1.585314033621803009e+00 1.585314033621803009e+00 1.705699207920442051e+00 1.705699207920442051e+00 2.966084382219081217e+00 2.966084382219081217e+00
2.800000000000000000e+02 1.588495050671670850e+00 1.588495050671671294e+00 1.717770876399966395e+00 1.717770876399966395e+00 2.987046702128261622e+00 2.987046702128262066e+00
2.810000000000000000e+02 1.591453111591606184e+00 1.591453111591606406e+00 1.729331567535719705e+00 1.729331567535719705e+00 3.007210023479833350e+00 3.007210023479833350e+00
2.820000000000000000e+02 1.594199781551976169e+00 1.594199781551976169e+00 1.740369872321289701e+00 1.740369872321289701e+00 3.026539963090603802e+00 3.026539963090603802e+00
2.830000000000000000e+02 1.596745659883541890e+00 1.596745659883542112e+00 1.750874897282524101e+00 1.750874897282524101e+00 3.045004134681506436e+00 3.045004134681506436e+00
2.840000000000000000e+02 1.599100443379106284e+00 1.599100443379106729e+00 1.760836275228072845e+00 1.760836275228072845e+00 3.062572107077038197e+00 3.062572107077039085e+00
2.850000000000000000e+02 1.601272985467373067e+00 1.601272985467373511e+00 1.770244175480555571e+00 1.770244175480555571e+00 3.079215365493737089e+00 3.079215365493737533e+00
2.860000000000000000e+02 1.603271351136657419e+00 1.603271351136658307e+00 1.779089313578252618e+00 1.779089313578252618e+00 3.094907276019847053e+00 3.094907276019847497e+00
2.870000000000000000e+02 1.605102867588077187e+00 1.605102867588077853e+00 1.787362960437747894e+00 1.787362960437747894e+00 3.109623053287418948e+00 3.109623053287418948e+00
2.880000000000000000e+02 1.606774170670850266e+00 1.606774170670850488e+00 1.795056950968480836e+00 1.795056950968480836e+00 3.123339731266112196e+00 3.123339731266112196e+00
2.890000000000000000e+02 1.608291247202572327e+00 1.608291247202572771e+00 1.802163692130704264e+00 1.802163692130704264e+00 3.136036137058836548e+00 3.136036137058836992e+00
2.900000000000000000e+02 1.609659473309785538e+00 1.609659473309785760e+00 1.808676170428898500e+00 1.808676170428898500e+00 3.147692867548011364e+00 3.147692867548011364e+00
2.910000000000000000e+02 1.610883648942952107e+00 1.610883648942952329e+00 1.814587958833243642e+00 1.814587958833243642e+00 3.158292268723536189e+00 3.158292268723536189e+00
2.920000000000000000e+02 1.611968028728297808e+00 1.611968028728298030e+00 1.819893223122323933e+00 1.819893223122323933e+00 3.167818417516349960e+00 3.167818417516349960e+00
2.930000000000000000e+02 1.612916349319449383e+00 1.612916349319450049e+00 1.824586727640798323e+00 1.824586727640798323e+00 3.176257105962147165e+00 3.176257105962147609e+00
2.940000000000000000e+02 1.613731853406390027e+00 1.613731853406390471e+00 1.828663840466360879e+00 1.828663840466360879e+00 3.183595827526331412e+00 3.183595827526331856e+00
2.950000000000000000e+02 1.614417310529554506e+00 1.614417310529554728e+00 1.832120537980888253e+00 1.832120537980888253e+00 3.189823765432222125e+00 3.189823765432222125e+00
2.960000000000000000e+02 1.614975034834012613e+00 1.614975034834012613e+00 1.834953408841265787e+00 1.834953408841265787e+00 3.194931782848519752e+00 3.194931782848519752e+00
2.970000000000000000e+02 1.615406899883620850e+00 1.615406899883621072e+00 1.837159657345971198e+00 1.837159657345971198e+00 3.198912414808321891e+00 3.198912414808321891e+00
2.980000000000000000e+02 1.615714350638362884e+00 1.615714350638363106e+00 1.838737106194093807e+00 1.838737106194093807e+00 3.201759861749825742e+00 3.201759861749825742e+00
2.990000000000000000e+02 1.615898412680381924e+00 1.615898412680382812e+00 1.839684198634068180e+00 1.839684198634068180e+00 3.203469984587752784e+00 3.203469984587754116e+00
